345.80	7.618
346.01	7.665
346.23	7.712
346.44	3.675
346.66	5.655
346.87	76.547
347.09	429.809
347.30	215.480
347.52	-14.955
347.73	-19.400
347.95	-96.983
348.16	-14.642
348.38	-23.656
348.59	33.578
348.81	-26.111
349.02	-50.579
349.24	-42.114
349.45	-28.091
349.67	46.687
349.88	36.376
350.10	22.070
350.31	226.907
350.53	51.017
350.74	31.839
350.96	59.781
351.17	23.216
351.38	192.149
351.60	131.526
351.81	43.063
352.03	-154.421
352.24	45.312
352.46	59.543
352.67	49.164
352.89	36.169
353.10	60.614
353.32	31.439
353.53	869.912
353.75	67.224
353.96	27.045
354.17	55.417
354.39	87.795
354.60	32.348
354.82	59.366
355.03	199.095
355.25	54.124
355.46	88.006
355.68	60.397
355.89	40.656
356.11	32.348
356.32	94.943
356.53	229.945
356.75	658.915
356.96	80.307
357.18	62.645
357.39	42.606
357.61	175.176
357.82	24.514
358.04	25.034
358.25	36.188
358.46	109.559
358.68	48.033
358.89	29.047
359.11	223.872
359.32	33.610
359.54	131.298
359.75	45.485
359.96	45.913
360.18	126.768
360.39	22.231
360.61	50.066
360.82	51.369
361.04	86.424
361.25	80.689
361.46	127.234
361.68	54.399
361.89	38.485
362.11	62.109
362.32	163.358
362.54	46.896
362.75	35.066
362.96	50.167
363.18	48.437
363.39	45.960
363.61	76.088
363.82	1736.425
364.03	81.195
364.25	39.029
364.46	26.766
364.68	72.823
364.89	128.863
365.10	52.828
365.32	38.659
365.53	94.875
365.75	85.671
365.96	90.726
366.17	60.810
366.39	49.037
366.60	60.858
366.82	75.870
367.03	72.403
367.24	47.559
367.46	43.218
367.67	51.895
367.89	87.206
368.10	273.998
368.31	68.765
368.53	96.400
368.74	68.239
368.96	61.514
369.17	87.881
369.38	37.637
369.60	112.088
369.81	220.692
370.03	59.938
370.24	55.606
370.45	77.837
370.67	50.313
370.88	77.957
371.09	263.221
371.31	81.140
371.52	52.344
371.74	84.650
371.95	51.083
372.16	37.433
372.38	35.963
372.59	42.716
372.81	56.069
373.02	60.368
373.23	97.500
373.45	79.017
373.66	40.756
373.87	47.321
374.09	58.778
374.30	100.387
374.51	38.243
374.73	44.100
374.94	50.507
375.16	44.535
375.37	93.612
375.58	70.580
375.80	99.372
376.01	42.572
376.22	100.163
376.44	70.045
376.65	46.068
376.86	59.209
377.08	47.456
377.29	44.060
377.50	72.927
377.72	131.297
377.93	192.179
378.15	65.804
378.36	52.348
378.57	53.935
378.79	50.818
379.00	49.574
379.21	48.572
379.43	51.676
379.64	40.962
379.85	77.553
380.07	50.118
380.28	41.487
380.49	42.848
380.71	40.906
380.92	38.055
381.13	55.767
381.35	46.794
381.56	45.570
381.77	65.803
381.99	31.028
382.20	45.964
382.41	35.999
382.63	53.411
382.84	46.752
383.05	43.557
383.27	45.947
383.48	45.569
383.69	34.454
383.91	35.780
384.12	41.005
384.33	42.445
384.55	58.161
384.76	48.297
384.97	49.800
385.18	45.248
385.40	94.147
385.61	57.811
385.82	50.429
386.04	55.183
386.25	59.749
386.46	54.582
386.68	40.153
386.89	44.219
387.10	53.467
387.32	40.328
387.53	44.661
387.74	46.275
387.95	35.135
388.17	43.549
388.38	48.539
388.59	49.477
388.81	64.601
389.02	46.618
389.23	60.630
389.45	55.017
389.66	42.312
389.87	51.357
390.08	44.562
390.30	85.100
390.51	49.142
390.72	64.237
390.94	58.404
391.15	62.254
391.36	56.090
391.57	53.952
391.79	57.073
392.00	47.479
392.21	38.497
392.43	41.649
392.64	57.960
392.85	38.121
393.06	35.555
393.28	35.332
393.49	37.947
393.70	41.220
393.92	49.429
394.13	36.457
394.34	47.965
394.55	69.097
394.77	52.909
394.98	43.815
395.19	76.904
395.40	47.118
395.62	51.906
395.83	62.891
396.04	37.897
396.26	55.548
396.47	36.082
396.68	43.044
396.89	40.954
397.11	56.884
397.32	50.128
397.53	49.307
397.74	57.658
397.96	52.978
398.17	49.251
398.38	47.162
398.59	53.758
398.81	77.679
399.02	59.620
399.23	64.047
399.44	70.862
399.66	61.536
399.87	67.591
400.08	72.836
400.29	81.166
400.51	65.782
400.72	56.416
400.93	65.396
401.14	81.150
401.36	73.231
401.57	87.137
401.78	72.019
401.99	65.095
402.21	67.269
402.42	67.096
402.63	69.082
402.84	77.646
403.05	60.924
403.27	61.425
403.48	56.302
403.69	64.435
403.90	58.446
404.12	83.398
404.33	60.912
404.54	71.777
404.75	65.516
404.96	60.561
405.18	67.497
405.39	66.516
405.60	71.953
405.81	55.581
406.03	56.153
406.24	58.945
406.45	58.756
406.66	64.502
406.87	60.622
407.09	63.142
407.30	63.359
407.51	66.611
407.72	63.355
407.93	65.325
408.15	69.587
408.36	57.617
408.57	57.043
408.78	64.355
409.00	58.449
409.21	63.542
409.42	51.487
409.63	61.682
409.84	58.046
410.06	61.130
410.27	49.661
410.48	62.570
410.69	74.809
410.90	64.991
411.12	58.113
411.33	78.478
411.54	66.149
411.75	55.616
411.96	54.696
412.17	62.923
412.39	63.037
412.60	56.635
412.81	58.122
413.02	62.740
413.23	57.767
413.45	53.125
413.66	66.511
413.87	56.854
414.08	64.474
414.29	65.350
414.50	61.619
414.72	61.704
414.93	58.503
415.14	64.039
415.35	53.235
415.56	73.867
415.77	69.624
415.99	82.734
416.20	66.837
416.41	60.475
416.62	69.534
416.83	53.347
417.04	64.953
417.26	61.956
417.47	66.861
417.68	57.762
417.89	57.162
418.10	57.560
418.31	55.633
418.53	58.533
418.74	59.310
418.95	56.359
419.16	65.589
419.37	58.803
419.58	65.397
419.80	66.664
420.01	68.911
420.22	54.861
420.43	62.683
420.64	65.322
420.85	60.666
421.06	64.227
421.28	59.275
421.49	59.448
421.70	57.547
421.91	58.742
422.12	56.315
422.33	55.396
422.54	48.233
422.76	58.083
422.97	58.151
423.18	58.976
423.39	58.676
423.60	58.761
423.81	56.779
424.02	57.401
424.23	59.202
424.45	56.801
424.66	57.802
424.87	50.242
425.08	61.538
425.29	53.873
425.50	59.276
425.71	61.090
425.92	56.655
426.14	52.354
426.35	52.661
426.56	49.048
426.77	53.212
426.98	64.334
427.19	53.923
427.40	52.014
427.61	56.530
427.82	50.455
428.04	53.452
428.25	59.005
428.46	51.407
428.67	47.223
428.88	49.250
429.09	47.083
429.30	50.845
429.51	47.785
429.72	43.483
429.94	38.935
430.15	41.031
430.36	41.622
430.57	42.651
430.78	50.718
430.99	48.709
431.20	52.975
431.41	51.974
431.62	51.370
431.83	56.404
432.05	57.628
432.26	58.196
432.47	51.335
432.68	57.031
432.89	54.616
433.10	52.335
433.31	49.074
433.52	49.418
433.73	51.621
433.94	54.193
434.15	46.263
434.36	54.885
434.58	50.385
434.79	46.632
435.00	51.566
435.21	55.546
435.42	58.203
435.63	54.052
435.84	55.708
436.05	58.567
436.26	60.774
436.47	55.104
436.68	61.009
436.89	56.607
437.10	53.263
437.31	58.785
437.52	50.665
437.74	53.678
437.95	51.217
438.16	51.821
438.37	51.524
438.58	48.983
438.79	46.047
439.00	51.648
439.21	59.650
439.42	51.884
439.63	48.555
439.84	53.858
440.05	57.300
440.26	51.740
440.47	53.652
440.68	55.178
440.89	54.591
441.10	57.279
441.31	53.318
441.52	56.009
441.74	60.002
441.95	52.173
442.16	52.600
442.37	54.073
442.58	58.697
442.79	57.481
443.00	54.927
443.21	56.373
443.42	53.240
443.63	56.276
443.84	54.275
444.05	55.817
444.26	57.863
444.47	55.142
444.68	55.355
444.89	55.150
445.10	52.384
445.31	55.457
445.52	51.963
445.73	52.025
445.94	55.849
446.15	56.961
446.36	53.696
446.57	52.663
446.78	53.987
446.99	60.358
447.20	49.371
447.41	54.626
447.62	55.043
447.83	55.659
448.04	52.775
448.25	52.186
448.46	55.411
448.67	55.183
448.88	56.436
449.09	57.529
449.30	56.312
449.51	59.726
449.72	57.362
449.93	58.923
450.14	55.961
450.35	60.910
450.56	56.997
450.77	54.926
450.98	57.123
451.19	54.773
451.40	55.988
451.61	58.428
451.82	52.987
452.03	60.244
452.24	53.254
452.45	52.741
452.66	53.486
452.87	55.697
453.08	53.942
453.29	52.633
453.50	54.678
453.71	54.127
453.92	55.802
454.13	50.444
454.34	54.449
454.55	55.293
454.76	54.247
454.97	51.939
455.18	52.960
455.39	54.561
455.60	54.045
455.81	52.389
456.02	52.997
456.23	56.601
456.44	54.535
456.65	54.108
456.86	54.705
457.07	56.063
457.28	53.770
457.49	56.510
457.70	51.085
457.90	51.428
458.11	52.153
458.32	49.977
458.53	51.019
458.74	52.658
458.95	51.914
459.16	52.109
459.37	53.428
459.58	53.140
459.79	54.137
460.00	50.286
460.21	52.828
460.42	53.398
460.63	50.493
460.84	49.904
461.05	68.847
461.26	52.769
461.47	50.255
461.68	50.597
461.88	51.279
462.09	52.777
462.30	52.809
462.51	52.450
462.72	52.172
462.93	52.795
463.14	49.344
463.35	51.287
463.56	52.876
463.77	50.453
463.98	48.942
464.19	47.477
464.40	48.932
464.61	50.253
464.81	50.743
465.02	47.874
465.23	49.943
465.44	49.672
465.65	49.962
465.86	48.771
466.07	48.939
466.28	51.287
466.49	48.227
466.70	48.350
466.91	48.897
467.12	48.146
467.32	47.283
467.53	48.113
467.74	49.478
467.95	47.130
468.16	48.354
468.37	47.218
468.58	47.154
468.79	50.149
469.00	47.425
469.21	46.651
469.42	49.257
469.62	48.895
469.83	47.841
470.04	46.891
470.25	45.716
470.46	45.189
470.67	47.609
470.88	47.094
471.09	46.547
471.30	50.577
471.50	48.458
471.71	50.125
471.92	50.333
472.13	48.728
472.34	47.416
472.55	46.931
472.76	47.665
472.97	47.296
473.17	45.786
473.38	44.656
473.59	46.581
473.80	47.297
474.01	47.431
474.22	47.232
474.43	48.978
474.64	48.495
474.84	46.404
475.05	46.741
475.26	46.954
475.47	44.173
475.68	46.072
475.89	43.918
476.10	47.306
476.31	46.205
476.51	44.469
476.72	45.346
476.93	47.252
477.14	45.235
477.35	44.561
477.56	47.012
477.77	46.487
477.97	44.566
478.18	44.994
478.39	44.727
478.60	44.737
478.81	42.977
479.02	43.533
479.22	44.084
479.43	43.390
479.64	44.202
479.85	43.050
480.06	41.590
480.27	44.457
480.48	42.353
480.68	43.693
480.89	40.972
481.10	43.057
481.31	42.793
481.52	43.153
481.73	41.758
481.93	43.963
482.14	42.601
482.35	41.652
482.56	41.746
482.77	42.084
482.98	41.703
483.18	40.861
483.39	40.886
483.60	40.479
483.81	41.763
484.02	40.905
484.22	40.417
484.43	41.181
484.64	39.996
484.85	45.811
485.06	38.908
485.27	37.100
485.47	36.781
485.68	34.874
485.89	34.343
486.10	35.034
486.31	34.661
486.51	35.707
486.72	37.708
486.93	37.515
487.14	37.401
487.35	38.681
487.55	37.442
487.76	39.066
487.97	38.604
488.18	38.077
488.39	38.199
488.59	37.632
488.80	38.302
489.01	38.387
489.22	38.296
489.43	38.718
489.63	40.643
489.84	39.763
490.05	39.671
490.26	40.319
490.46	39.706
490.67	38.446
490.88	38.299
491.09	38.057
491.30	37.347
491.50	35.691
491.71	37.319
491.92	36.902
492.13	36.313
492.33	37.258
492.54	36.803
492.75	37.454
492.96	37.573
493.17	36.589
493.37	36.552
493.58	36.202
493.79	38.290
494.00	37.161
494.20	36.664
494.41	36.974
494.62	36.670
494.83	36.254
495.03	36.401
495.24	36.461
495.45	37.047
495.66	36.340
495.86	35.491
496.07	36.342
496.28	36.747
496.49	35.942
496.70	36.702
496.90	35.539
497.11	35.661
497.32	35.061
497.52	35.391
497.73	34.760
497.94	35.184
498.15	33.659
498.35	34.070
498.56	34.054
498.77	33.645
498.98	34.465
499.18	33.818
499.39	33.392
499.60	34.596
499.81	32.283
500.01	31.631
500.22	33.122
500.43	31.696
500.64	31.070
500.84	30.329
501.05	31.015
501.26	31.642
501.46	31.440
501.67	29.281
501.88	29.937
502.09	30.097
502.29	30.659
502.50	29.962
502.71	30.534
502.91	31.264
503.12	30.025
503.33	30.381
503.54	29.884
503.74	30.011
503.95	28.621
504.16	28.941
504.36	29.169
504.57	30.144
504.78	29.400
504.99	29.200
505.19	29.905
505.40	30.277
505.61	30.036
505.81	29.609
506.02	29.985
506.23	30.648
506.44	29.156
506.64	29.087
506.85	29.355
507.06	29.172
507.26	28.880
507.47	28.444
507.68	28.640
507.88	28.640
508.09	28.347
508.30	28.862
508.50	29.182
508.71	29.401
508.92	29.246
509.12	29.072
509.33	29.224
509.54	29.356
509.74	28.993
509.95	28.404
510.16	29.761
510.37	29.125
510.57	29.262
510.78	28.450
510.99	29.510
511.19	29.206
511.40	29.150
511.61	28.738
511.81	29.234
512.02	29.425
512.23	29.184
512.43	28.035
512.64	28.095
512.85	27.795
513.05	27.155
513.26	28.103
513.47	27.356
513.67	27.558
513.88	27.089
514.08	26.720
514.29	27.181
514.50	27.385
514.70	26.944
514.91	27.386
515.12	27.761
515.32	27.556
515.53	27.210
515.74	26.748
515.94	25.294
516.15	26.102
516.36	24.045
516.56	23.524
516.77	24.033
516.97	23.800
517.18	23.376
517.39	24.555
517.59	24.738
517.80	24.610
518.01	23.434
518.21	24.796
518.42	24.500
518.63	24.307
518.83	24.954
519.04	25.259
519.24	25.339
519.45	25.414
519.66	25.382
519.86	25.937
520.07	25.966
520.28	25.631
520.48	28.258
520.69	25.439
520.89	25.706
521.10	25.914
521.31	25.714
521.51	25.526
521.72	25.555
521.92	25.370
522.13	24.356
522.34	24.672
522.54	24.587
522.75	24.317
522.95	24.123
523.16	24.548
523.37	24.638
523.57	24.435
523.78	24.578
523.98	23.917
524.19	25.364
524.40	25.281
524.60	23.660
524.81	23.517
525.01	24.045
525.22	24.009
525.43	22.986
525.63	22.891
525.84	22.627
526.04	22.375
526.25	21.022
526.46	21.533
526.66	21.350
526.87	21.182
527.07	20.872
527.28	21.504
527.48	21.611
527.69	22.214
527.90	21.982
528.10	22.206
528.31	22.072
528.51	22.588
528.72	22.443
528.92	22.969
529.13	22.545
529.34	22.442
529.54	21.879
529.75	24.981
529.95	21.770
530.16	21.950
530.36	22.134
530.57	21.674
530.78	22.219
530.98	21.790
531.19	21.795
531.39	21.077
531.60	21.350
531.80	21.243
532.01	20.833
532.21	20.325
532.42	20.807
532.62	19.763
532.83	19.931
533.04	19.904
533.24	19.992
533.45	20.785
533.65	20.379
533.86	20.719
534.06	20.827
534.27	20.809
534.47	20.637
534.68	20.664
534.88	20.782
535.09	21.257
535.30	20.731
535.50	21.066
535.71	20.991
535.91	20.754
536.12	20.767
536.32	20.039
536.53	20.646
536.73	20.868
536.94	19.615
537.14	20.153
537.35	20.395
537.55	20.152
537.76	20.258
537.96	20.572
538.17	20.496
538.37	20.184
538.58	19.327
538.78	19.401
538.99	19.024
539.19	19.635
539.40	19.034
539.60	19.036
539.81	19.988
540.01	19.381
540.22	18.768
540.42	18.594
540.63	19.267
540.83	20.099
541.04	18.441
541.24	18.352
541.45	19.098
541.65	19.311
541.86	18.774
542.06	19.175
542.27	19.452
542.47	18.494
542.68	18.988
542.88	18.617
543.09	18.350
543.29	19.645
543.50	17.987
543.70	19.551
543.91	18.303
544.11	18.878
544.32	17.926
544.52	18.058
544.73	18.393
544.93	18.221
545.14	17.856
545.34	17.783
545.55	18.289
545.75	17.988
545.96	18.400
546.16	17.857
546.36	18.522
546.57	18.118
546.77	17.103
546.98	17.268
547.18	17.668
547.39	16.832
547.59	17.603
547.80	17.333
548.00	17.244
548.21	17.708
548.41	16.963
548.61	17.493
548.82	17.394
549.02	17.599
549.23	17.440
549.43	17.349
549.64	17.600
549.84	17.262
550.05	17.631
550.25	16.509
550.46	17.276
550.66	17.449
550.86	16.828
551.07	16.772
551.27	16.654
551.48	17.184
551.68	16.414
551.89	16.821
552.09	16.854
552.29	16.474
552.50	16.365
552.70	16.594
552.91	16.430
553.11	16.465
553.32	17.117
553.52	16.195
553.72	16.800
553.93	17.153
554.13	16.772
554.34	16.810
554.54	16.242
554.75	16.765
554.95	16.837
555.15	15.884
555.36	16.358
555.56	16.340
555.77	15.886
555.97	16.502
556.17	16.352
556.38	15.736
556.58	15.158
556.79	16.395
556.99	15.316
557.19	16.137
557.40	15.067
557.60	15.231
557.81	15.050
558.01	15.874
558.21	14.726
558.42	15.281
558.62	14.866
558.83	14.539
559.03	14.525
559.23	14.006
559.44	15.019
559.64	14.295
559.85	14.292
560.05	14.694
560.25	14.434
560.46	14.524
560.66	14.921
560.86	14.420
561.07	14.071
561.27	14.009
561.48	13.670
561.68	13.578
561.88	13.698
562.09	13.967
562.29	13.186
562.49	14.598
562.70	13.751
562.90	13.953
563.11	13.814
563.31	13.757
563.51	13.624
563.72	14.193
563.92	12.983
564.12	13.391
564.33	13.365
564.53	13.433
564.73	13.002
564.94	13.325
565.14	13.196
565.35	13.033
565.55	13.247
565.75	12.435
565.96	12.755
566.16	13.091
566.36	12.614
566.57	13.673
566.77	12.728
566.97	13.717
567.18	12.318
567.38	12.757
567.58	12.685
567.79	12.754
567.99	12.290
568.19	12.821
568.40	12.455
568.60	12.278
568.80	12.509
569.01	12.044
569.21	12.935
569.41	12.048
569.62	12.186
569.82	12.042
570.02	11.850
570.23	12.175
570.43	11.460
570.63	11.671
570.84	11.826
571.04	11.731
571.24	11.721
571.45	11.694
571.65	11.713
571.85	12.453
572.05	11.471
572.26	11.564
572.46	12.348
572.66	12.273
572.87	11.659
573.07	11.721
573.27	11.407
573.48	12.133
573.68	11.207
573.88	11.441
574.09	11.802
574.29	11.668
574.49	11.345
574.69	11.121
574.90	11.726
575.10	11.457
575.30	10.984
575.51	11.020
575.71	11.723
575.91	12.245
576.11	11.198
576.32	11.077
576.52	11.266
576.72	11.778
576.93	11.462
577.13	11.767
577.33	11.635
577.53	11.679
577.74	11.042
577.94	11.640
578.14	11.065
578.35	11.130
578.55	11.100
578.75	11.509
578.95	11.771
579.16	11.357
579.36	11.090
579.56	11.328
579.76	11.898
579.97	11.428
580.17	11.587
580.37	11.472
580.57	11.715
580.78	11.995
580.98	11.624
581.18	12.354
581.38	12.116
581.59	12.544
581.79	12.328
581.99	11.834
582.19	11.971
582.40	12.402
582.60	12.199
582.80	12.062
583.00	12.321
583.21	13.003
583.41	12.204
583.61	12.142
583.81	12.293
584.02	12.740
584.22	11.815
584.42	11.776
584.62	12.287
584.83	11.526
585.03	11.790
585.23	11.870
585.43	12.117
585.63	11.703
585.84	11.676
586.04	11.563
586.24	11.799
586.44	11.901
586.65	11.649
586.85	11.971
587.05	11.918
587.25	11.709
587.45	12.133
587.66	11.250
587.86	12.268
588.06	11.506
588.26	11.206
588.47	11.204
588.67	10.783
588.87	10.665
589.07	10.899
589.27	10.865
589.48	12.073
589.68	11.245
589.88	10.714
590.08	10.530
590.28	10.951
590.49	11.230
590.69	10.767
590.89	11.069
591.09	11.161
591.29	11.468
591.50	10.784
591.70	11.269
591.90	11.283
592.10	10.649
592.30	10.851
592.50	11.333
592.71	10.903
592.91	10.972
593.11	10.686
593.31	10.717
593.51	10.933
593.72	10.882
593.92	10.960
594.12	10.405
594.32	10.886
594.52	10.573
594.72	10.396
594.93	10.500
595.13	10.087
595.33	10.602
595.53	10.565
595.73	10.084
595.93	10.469
596.14	10.562
596.34	10.015
596.54	10.186
596.74	10.594
596.94	11.335
597.14	9.714
597.35	10.218
597.55	9.980
597.75	9.884
597.95	9.706
598.15	10.295
598.35	10.327
598.55	9.746
598.76	9.658
598.96	9.897
599.16	9.813
599.36	9.963
599.56	10.112
599.76	9.565
599.96	9.595
600.17	9.965
600.37	10.068
600.57	9.429
600.77	9.924
600.97	9.923
601.17	8.980
601.37	9.870
601.57	10.260
601.78	9.610
601.98	9.164
602.18	9.068
602.38	9.312
602.58	9.505
602.78	10.255
602.98	9.705
603.18	10.101
603.39	9.733
603.59	9.206
603.79	9.648
603.99	9.815
604.19	9.858
604.39	9.450
604.59	9.669
604.79	9.328
604.99	10.652
605.19	9.576
605.40	10.150
605.60	9.389
605.80	9.768
606.00	9.115
606.20	9.808
606.40	9.019
606.60	9.431
606.80	9.515
607.00	9.687
607.20	9.470
607.41	9.757
607.61	9.690
607.81	9.477
608.01	9.446
608.21	9.445
608.41	9.355
608.61	9.257
608.81	9.927
609.01	9.530
609.21	9.221
609.41	9.496
609.61	10.286
609.81	9.805
610.02	9.910
610.22	9.552
610.42	9.880
610.62	9.452
610.82	9.396
611.02	9.700
611.22	9.948
611.42	9.853
611.62	9.176
611.82	10.181
612.02	9.608
612.22	9.519
612.42	9.372
612.62	9.746
612.82	9.902
613.02	10.043
613.23	9.369
613.43	9.017
613.63	9.861
613.83	9.579
614.03	9.567
614.23	9.441
614.43	9.260
614.63	9.939
614.83	9.634
615.03	10.003
615.23	9.740
615.43	9.414
615.63	9.377
615.83	9.801
616.03	9.664
616.23	9.583
616.43	10.258
616.63	9.495
616.83	9.698
617.03	12.021
617.23	9.814
617.43	9.900
617.63	9.817
617.83	11.076
618.03	9.651
618.23	10.920
618.43	9.924
618.63	10.600
618.83	9.963
619.03	10.273
619.23	10.724
619.43	10.143
619.63	10.036
619.83	9.845
620.03	9.578
620.23	10.321
620.43	10.160
620.63	10.304
620.83	10.294
621.03	10.527
621.23	10.137
621.43	10.012
621.63	10.228
621.83	10.347
622.03	10.774
622.23	10.425
622.43	9.900
622.63	10.293
622.83	9.638
623.03	9.855
623.23	10.546
623.43	9.677
623.63	9.430
623.83	9.868
624.03	10.328
624.23	9.589
624.43	9.575
624.63	9.478
624.83	10.063
625.03	9.882
625.23	9.648
625.43	9.937
625.63	9.552
625.83	9.630
626.03	9.757
626.23	10.050
626.43	10.735
626.63	9.615
626.83	9.232
627.03	9.670
627.23	9.779
627.43	9.763
627.63	9.110
627.83	9.373
628.03	9.496
628.23	9.480
628.43	9.822
628.62	9.449
628.82	9.510
629.02	10.339
629.22	9.630
629.42	9.644
629.62	9.139
629.82	9.563
630.02	9.478
630.22	9.230
630.42	9.688
630.62	9.472
630.82	9.309
631.02	8.884
631.22	9.424
631.42	9.737
631.62	9.334
631.81	9.654
632.01	9.784
632.21	9.923
632.41	9.437
632.61	9.753
632.81	10.038
633.01	9.946
633.21	9.221
633.41	9.440
633.61	9.933
633.81	9.693
634.01	9.902
634.21	10.145
634.40	10.875
634.60	9.911
634.80	10.486
635.00	9.693
635.20	10.004
635.40	9.943
635.60	10.087
635.80	10.032
636.00	10.523
636.20	10.278
636.39	10.309
636.59	10.409
636.79	11.206
636.99	10.173
637.19	10.167
637.39	10.403
637.59	10.334
637.79	11.095
637.99	9.950
638.18	10.395
638.38	10.245
638.58	10.450
638.78	10.606
638.98	10.162
639.18	10.821
639.38	9.762
639.58	10.079
639.78	10.185
639.97	10.776
640.17	10.156
640.37	9.768
640.57	10.004
640.77	10.717
640.97	10.614
641.17	10.423
641.36	10.434
641.56	10.677
641.76	9.993
641.96	10.294
642.16	10.742
642.36	10.674
642.56	10.524
642.75	10.498
642.95	10.489
643.15	10.923
643.35	10.704
643.55	10.953
643.75	10.715
643.95	11.035
644.14	10.511
644.34	10.767
644.54	10.391
644.74	11.127
644.94	10.467
645.14	10.869
645.33	11.507
645.53	10.371
645.73	10.480
645.93	10.761
646.13	10.289
646.33	11.253
646.52	10.826
646.72	10.778
646.92	10.787
647.12	10.031
647.32	10.552
647.52	10.326
647.71	10.869
647.91	11.193
648.11	10.561
648.31	10.358
648.51	10.387
648.70	10.705
648.90	10.143
649.10	10.170
649.30	10.192
649.50	10.246
649.69	10.528
649.89	10.182
650.09	10.072
650.29	11.242
650.49	10.492
650.68	10.637
650.88	10.123
651.08	10.413
651.28	10.778
651.48	10.552
651.67	10.863
651.87	10.558
652.07	10.862
652.27	11.118
652.47	10.424
652.66	10.370
652.86	11.026
653.06	11.048
653.26	11.051
653.46	11.353
653.65	10.670
653.85	10.736
654.05	10.692
654.25	11.102
654.44	10.636
654.64	10.760
654.84	10.185
655.04	10.605
655.24	10.453
655.43	9.628
655.63	9.702
655.83	9.515
656.03	9.496
656.22	9.008
656.42	9.495
656.62	9.985
656.82	9.658
657.01	9.596
657.21	9.844
657.41	10.404
657.61	10.040
657.80	10.034
658.00	9.926
658.20	10.672
658.40	10.848
658.59	10.432
658.79	10.450
658.99	11.994
659.19	10.566
659.38	10.915
659.58	10.765
659.78	11.553
659.98	10.114
660.17	10.113
660.37	10.567
660.57	10.502
660.76	10.807
660.96	10.684
661.16	10.985
661.36	10.860
661.55	11.452
661.75	10.861
661.95	10.062
662.15	11.644
662.34	10.384
662.54	12.029
662.74	10.654
662.93	11.052
663.13	11.166
663.33	11.856
663.53	10.421
663.72	10.580
663.92	10.495
664.12	10.483
664.31	10.588
664.51	11.257
664.71	10.867
664.90	10.734
665.10	10.666
665.30	10.913
665.50	10.631
665.69	10.439
665.89	10.383
666.09	10.848
666.28	11.013
666.48	10.606
666.68	10.389
666.87	10.663
667.07	11.325
667.27	11.117
667.46	10.811
667.66	10.784
667.86	10.442
668.05	11.013
668.25	10.668
668.45	10.726
668.65	10.945
668.84	11.113
669.04	10.826
669.24	10.892
669.43	11.424
669.63	10.951
669.83	10.500
670.02	10.886
670.22	11.372
670.42	11.432
670.61	10.502
670.81	11.295
671.00	10.979
671.20	10.503
671.40	10.529
671.59	10.734
671.79	10.448
671.99	10.520
672.18	10.999
672.38	11.538
672.58	11.117
672.77	11.261
672.97	11.000
673.17	10.870
673.36	10.714
673.56	11.220
673.76	10.605
673.95	11.861
674.15	11.104
674.34	10.668
674.54	10.245
674.74	11.317
674.93	10.885
675.13	10.764
675.33	10.811
675.52	11.140
675.72	11.118
675.91	10.754
676.11	10.471
676.31	11.513
676.50	10.936
676.70	10.306
676.90	10.794
677.09	11.753
677.29	10.715
677.48	11.323
677.68	10.192
677.88	10.541
678.07	10.633
678.27	11.062
678.46	10.622
678.66	10.988
678.86	10.893
679.05	10.671
679.25	11.427
679.44	10.763
679.64	10.510
679.84	10.090
680.03	10.260
680.23	10.824
680.42	10.773
680.62	10.621
680.82	10.056
681.01	10.870
681.21	10.712
681.40	10.383
681.60	9.901
681.80	10.825
681.99	10.776
682.19	10.675
682.38	10.266
682.58	10.691
682.77	10.266
682.97	10.455
683.17	10.200
683.36	9.931
683.56	10.722
683.75	10.248
683.95	10.079
684.14	10.571
684.34	10.452
684.53	10.290
684.73	10.442
684.93	10.085
685.12	10.283
685.32	10.250
685.51	10.510
685.71	10.129
685.90	9.743
686.10	9.935
686.29	8.948
686.49	8.829
686.69	9.028
686.88	8.087
687.08	8.251
687.27	7.965
687.47	8.155
687.66	8.329
687.86	8.116
688.05	7.782
688.25	8.012
688.44	8.318
688.64	7.951
688.83	7.424
689.03	8.791
689.23	8.241
689.42	8.747
689.62	8.278
689.81	7.970
690.01	8.125
690.20	8.073
690.40	9.442
690.59	8.589
690.79	8.413
690.98	9.058
691.18	9.559
691.37	9.096
691.57	8.734
691.76	9.132
691.96	9.468
692.15	9.035
692.35	9.088
692.54	9.106
692.74	9.942
692.93	9.515
693.13	9.430
693.32	10.136
693.52	9.557
693.71	9.475
693.91	9.230
694.10	9.702
694.30	9.655
694.49	10.060
694.69	9.353
694.88	9.637
695.08	10.531
695.27	9.621
695.47	10.185
695.66	9.408
695.86	9.618
696.05	10.109
696.25	9.836
696.44	9.789
696.63	9.730
696.83	10.548
697.02	10.662
697.22	9.125
697.41	10.002
697.61	9.869
697.80	10.005
698.00	18.046
698.19	10.144
698.39	10.056
698.58	9.035
698.78	10.670
698.97	9.909
699.17	10.223
699.36	9.638
699.55	9.457
699.75	9.544
699.94	9.276
700.14	9.309
700.33	9.705
700.53	9.840
700.72	9.683
700.92	9.165
701.11	9.638
701.30	9.424
701.50	9.153
701.69	9.272
701.89	10.159
702.08	9.276
702.28	8.942
702.47	9.342
702.66	9.548
702.86	9.808
703.05	9.863
703.25	10.536
703.44	9.280
703.64	9.643
703.83	9.716
704.02	9.460
704.22	9.317
704.41	9.652
704.61	9.738
704.80	9.600
704.99	9.994
705.19	9.678
705.38	9.360
705.58	9.470
705.77	8.973
705.96	10.043
706.16	10.186
706.35	9.655
706.55	10.088
706.74	9.931
706.93	9.643
707.13	9.038
707.32	9.621
707.52	10.480
707.71	9.545
707.90	9.655
708.10	10.041
708.29	9.502
708.49	8.869
708.68	10.022
708.87	9.316
709.07	10.169
709.26	9.960
709.46	9.947
709.65	9.826
709.84	10.340
710.04	9.929
710.23	9.529
710.42	9.401
710.62	9.333
710.81	9.079
711.00	10.338
711.20	9.121
711.39	9.648
711.59	10.075
711.78	9.726
711.97	9.170
712.17	9.232
712.36	9.624
712.55	9.065
712.75	9.703
712.94	9.769
713.13	9.535
713.33	9.500
713.52	8.902
713.71	8.879
713.91	9.722
714.10	8.815
714.29	9.308
714.49	9.235
714.68	9.490
714.87	8.708
715.07	9.501
715.26	8.883
715.45	8.924
715.65	8.441
715.84	9.689
716.03	9.252
716.23	8.874
716.42	8.418
716.61	8.320
716.81	8.411
717.00	8.461
717.19	8.265
717.39	7.737
717.58	8.269
717.77	8.669
717.97	7.634
718.16	7.906
718.35	7.351
718.55	8.011
718.74	7.228
718.93	7.775
719.13	7.979
719.32	7.156
719.51	7.112
719.70	8.433
719.90	8.977
720.09	7.877
720.28	7.632
720.48	7.588
720.67	7.820
720.86	8.190
721.05	8.645
721.25	8.362
721.44	8.429
721.63	8.769
721.83	8.350
722.02	9.018
722.21	8.560
722.40	8.943
722.60	8.400
722.79	7.985
722.98	8.011
723.18	7.961
723.37	8.534
723.56	7.513
723.75	8.269
723.95	8.563
724.14	7.342
724.33	8.075
724.52	7.690
724.72	7.444
724.91	8.718
725.10	7.530
725.29	8.000
725.49	8.033
725.68	8.116
725.87	7.747
726.07	7.839
726.26	8.137
726.45	8.005
726.64	7.913
726.84	7.909
727.03	7.921
727.22	7.013
727.41	8.865
727.60	8.413
727.80	7.932
727.99	7.931
728.18	8.389
728.37	8.140
728.57	7.605
728.76	7.832
728.95	8.762
729.14	8.190
729.34	7.987
729.53	7.777
729.72	8.041
729.91	7.786
730.10	7.771
730.30	7.492
730.49	7.877
730.68	7.665
730.87	7.233
731.07	7.669
731.26	7.921
731.45	8.144
731.64	7.938
731.83	8.067
732.03	8.348
732.22	8.237
732.41	9.558
732.60	8.957
732.79	8.848
732.99	8.326
733.18	8.796
733.37	7.787
733.56	8.301
733.75	8.117
733.95	8.447
734.14	7.759
734.33	7.916
734.52	8.846
734.71	8.507
734.90	7.912
735.10	8.255
735.29	8.688
735.48	8.129
735.67	8.109
735.86	7.918
736.06	8.670
736.25	8.339
736.44	7.502
736.63	7.858
736.82	8.054
737.01	8.215
737.21	7.191
737.40	9.030
737.59	8.384
737.78	8.383
737.97	7.311
738.16	8.140
738.36	7.682
738.55	8.068
738.74	8.423
738.93	7.517
739.12	8.049
739.31	8.104
739.50	7.765
739.70	8.186
739.89	7.557
740.08	7.790
740.27	7.946
740.46	7.839
740.65	8.208
740.84	7.860
741.04	8.961
741.23	7.978
741.42	7.713
741.61	7.542
741.80	8.715
741.99	7.509
742.18	7.817
742.37	7.618
742.57	7.532
742.76	7.216
742.95	8.315
743.14	7.358
743.33	8.421
743.52	7.981
743.71	8.084
743.90	7.827
744.10	7.885
744.29	7.467
744.48	8.612
744.67	7.697
744.86	7.738
745.05	8.523
745.24	6.993
745.43	7.523
745.62	7.968
745.81	7.548
746.01	8.440
746.20	7.718
746.39	8.044
746.58	7.339
746.77	8.293
746.96	8.390
747.15	7.398
747.34	7.475
747.53	7.785
747.72	7.533
747.91	8.088
748.11	6.992
748.30	8.360
748.49	8.295
748.68	7.717
748.87	8.148
749.06	7.019
749.25	7.884
749.44	8.003
749.63	7.584
749.82	8.510
750.01	7.760
750.20	7.918
750.39	7.169
750.58	7.327
750.78	8.343
750.97	7.613
751.16	7.417
751.35	7.154
751.54	8.264
751.73	7.025
751.92	6.592
752.11	6.950
752.30	7.540
752.49	7.226
752.68	7.359
752.87	7.922
753.06	7.673
753.25	7.933
753.44	6.898
753.63	9.319
753.82	7.332
754.01	7.123
754.20	7.643
754.39	7.590
754.58	8.187
754.77	7.393
754.96	7.459
755.15	7.256
755.34	7.406
755.53	7.869
755.73	6.879
755.92	6.935
756.11	7.589
756.30	7.166
756.49	6.482
756.68	7.276
756.87	7.468
757.06	7.255
757.25	7.451
757.44	7.163
757.63	7.194
757.82	7.539
758.01	7.240
758.20	7.318
758.39	8.113
758.58	6.788
758.77	6.224
758.96	6.894
759.15	5.726
759.34	5.316
759.53	5.223
759.72	5.738
759.91	4.130
760.10	4.122
760.29	4.212
760.47	3.827
760.66	3.429
760.85	3.249
761.04	2.567
761.23	3.533
761.42	3.026
761.61	2.921
761.80	2.781
761.99	3.041
762.18	3.107
762.37	3.825
762.56	3.814
762.75	3.372
762.94	3.966
763.13	3.101
763.32	3.078
763.51	3.993
763.70	3.445
763.89	2.646
764.08	3.350
764.27	3.995
764.46	4.847
764.65	2.948
764.84	3.777
765.03	3.637
765.22	3.769
765.40	4.163
765.59	4.587
765.78	4.906
765.97	4.835
766.16	4.861
766.35	4.979
766.54	5.207
766.73	6.091
766.92	5.967
767.11	4.999
767.30	6.412
767.49	5.974
767.68	6.783
767.87	6.119
768.05	6.450
768.24	5.962
768.43	5.750
768.62	7.023
768.81	6.893
769.00	6.458
769.19	6.236
769.38	6.711
769.57	6.679
769.76	6.738
769.95	6.186
770.14	6.399
770.32	6.903
770.51	5.999
770.70	6.175
770.89	6.855
771.08	6.107
771.27	6.140
771.46	6.070
771.65	6.476
771.84	6.351
772.02	6.829
772.21	5.543
772.40	6.675
772.59	6.443
772.78	6.636
772.97	5.874
773.16	6.719
773.35	6.668
773.54	6.030
773.72	5.618
773.91	5.437
774.10	6.153
774.29	6.483
774.48	6.334
774.67	6.323
774.86	6.002
775.04	6.437
775.23	6.041
775.42	6.442
775.61	6.660
775.80	5.916
775.99	6.976
776.18	6.569
776.36	6.888
776.55	5.837
776.74	6.069
776.93	5.947
777.12	6.400
777.31	7.396
777.50	6.387
777.68	6.650
777.87	7.105
778.06	6.480
778.25	5.956
778.44	6.261
778.63	5.952
778.81	6.330
779.00	6.093
779.19	6.706
779.38	6.371
779.57	5.589
779.76	6.480
779.94	6.408
780.13	5.995
780.32	6.272
780.51	5.296
780.70	6.213
780.88	6.581
781.07	6.599
781.26	5.935
781.45	5.739
781.64	6.906
781.82	5.724
782.01	5.271
782.20	8.028
782.39	6.622
782.58	6.792
782.77	6.237
782.95	5.745
783.14	5.960
783.33	6.610
783.52	5.958
783.70	7.231
783.89	5.696
784.08	6.619
784.27	5.161
784.46	5.385
784.64	5.824
784.83	6.132
785.02	5.553
785.21	5.771
785.40	6.239
785.58	6.122
785.77	7.162
785.96	5.815
786.15	5.440
786.33	6.375
786.52	5.828
786.71	5.440
786.90	6.220
787.08	5.468
787.27	5.898
787.46	5.921
787.65	6.218
787.83	6.915
788.02	5.623
788.21	5.483
788.40	5.929
788.58	6.079
788.77	6.140
788.96	5.267
789.15	5.154
789.33	5.856
789.52	5.498
789.71	6.047
789.90	6.087
790.08	6.310
790.27	6.033
790.46	5.458
790.65	6.414
790.83	5.079
791.02	5.315
791.21	6.091
791.40	4.983
791.58	6.115
791.77	6.362
791.96	4.784
792.14	5.419
792.33	5.924
792.52	5.917
792.71	4.421
792.89	5.849
793.08	6.040
793.27	5.068
793.45	5.125
793.64	5.302
793.83	6.659
794.02	5.691
794.20	5.927
794.39	5.846
794.58	5.429
794.76	5.754
794.95	5.281
795.14	5.269
795.32	5.450
795.51	5.287
795.70	5.703
795.89	5.011
796.07	5.774
796.26	5.002
796.45	4.753
796.63	5.455
796.82	5.697
797.01	4.724
797.19	4.693
797.38	5.457
797.57	5.234
797.75	5.164
797.94	5.310
798.13	5.189
798.31	5.233
798.50	4.474
798.69	5.131
798.87	4.840
799.06	5.062
799.25	4.682
799.43	5.381
799.62	4.728
799.81	5.715
799.99	5.337
800.18	4.336
800.37	4.567
800.55	5.264
800.74	4.938
800.93	5.138
801.11	5.168
801.30	5.586
801.48	4.833
801.67	5.270
801.86	5.429
802.04	4.957
802.23	4.854
802.42	4.453
802.60	4.956
802.79	5.210
802.98	4.961
803.16	5.302
803.35	4.692
803.53	5.394
803.72	4.578
803.91	4.343
804.09	4.919
804.28	4.735
804.47	4.532
804.65	4.873
804.84	4.320
805.02	5.157
805.21	4.973
805.40	4.559
805.58	4.877
805.77	4.667
805.95	4.915
806.14	5.116
806.33	4.735
806.51	4.791
806.70	5.444
806.88	4.965
807.07	5.313
807.26	5.024
807.44	4.321
807.63	4.404
807.81	4.486
808.00	4.968
808.19	4.660
808.37	5.377
808.56	4.400
808.74	5.497
808.93	4.604
809.11	4.627
809.30	4.970
809.49	4.635
809.67	5.078
809.86	4.469
810.04	4.629
810.23	5.636
810.41	5.060
810.60	4.436
810.79	4.437
810.97	5.021
811.16	4.989
811.34	5.104
811.53	4.594
811.71	4.808
811.90	4.797
812.08	4.851
812.27	5.133
812.46	5.072
812.64	3.822
812.83	4.889
813.01	3.980
813.20	4.654
813.38	3.943
813.57	3.946
813.75	4.606
813.94	4.420
814.12	4.982
814.31	4.320
814.49	4.318
814.68	5.440
814.86	3.933
815.05	3.913
815.24	4.138
815.42	4.665
815.61	3.908
815.79	4.110
815.98	4.976
816.16	3.682
816.35	3.898
816.53	4.056
816.72	4.274
816.90	3.884
817.09	3.840
817.27	3.871
817.46	4.309
817.64	3.912
817.83	4.858
818.01	4.261
818.20	4.769
818.38	3.831
818.57	3.979
818.75	4.663
818.94	5.330
819.12	4.945
819.31	4.024
819.49	3.730
819.68	4.478
819.86	4.442
820.05	3.763
820.23	4.013
820.42	3.881
820.60	4.448
820.78	4.448
820.97	4.009
821.15	4.365
821.34	4.416
821.52	4.830
821.71	4.593
821.89	4.234
822.08	4.075
822.26	3.472
822.45	4.464
822.63	4.002
822.82	4.576
823.00	4.127
823.18	3.887
823.37	4.732
823.55	4.276
823.74	3.734
823.92	6.827
824.11	4.153
824.29	6.966
824.48	4.173
824.66	4.565
824.84	4.534
825.03	5.270
825.21	3.995
825.40	4.041
825.58	4.473
825.77	4.279
825.95	4.086
826.14	4.276
826.32	5.233
826.50	4.243
826.69	5.123
826.87	4.797
827.06	4.377
827.24	4.616
827.42	3.895
827.61	5.588
827.79	4.563
827.98	4.437
828.16	4.443
828.35	4.535
828.53	4.418
828.71	4.126
828.90	4.562
829.08	4.075
829.27	5.429
829.45	5.114
829.63	3.788
829.82	4.522
830.00	4.426
830.18	3.907
830.37	5.304
830.55	4.195
830.74	5.278
830.92	4.084
831.10	3.653
831.29	3.725
831.47	4.889
831.66	5.332
831.84	4.705
832.02	3.562
832.21	5.559
832.39	4.076
832.57	4.942
832.76	3.745
832.94	3.738
833.13	3.971
833.31	5.288
833.49	3.463
833.68	4.692
833.86	4.750
834.04	4.243
834.23	4.463
834.41	4.025
834.59	4.731
834.78	4.233
834.96	4.542
835.14	4.350
835.33	4.624
835.51	4.797
835.69	4.503
835.88	5.040
836.06	4.093
836.24	4.799
836.43	4.186
836.61	4.383
836.79	4.185
836.98	3.708
837.16	4.278
837.34	4.982
837.53	5.436
837.71	3.868
837.89	3.550
838.08	4.032
838.26	5.193
838.44	5.479
838.63	4.482
838.81	5.092
838.99	5.184
839.18	4.215
839.36	4.574
839.54	4.966
839.73	5.207
839.91	5.007
840.09	4.633
840.28	4.368
840.46	4.332
840.64	4.826
840.82	4.767
841.01	4.370
841.19	5.328
841.37	4.425
841.56	4.653
841.74	5.066
841.92	3.810
842.10	4.456
842.29	4.906
842.47	5.250
842.65	4.961
842.84	4.844
843.02	4.645
843.20	3.938
843.38	5.540
843.57	5.926
843.75	4.457
843.93	5.625
844.11	4.600
844.30	4.472
844.48	4.551
844.66	3.848
844.84	4.819
845.03	5.336
845.21	3.828
845.39	5.965
845.58	4.880
845.76	5.349
845.94	3.708
846.12	4.061
846.31	4.348
846.49	4.308
846.67	4.461
846.85	4.511
847.03	4.673
847.22	5.119
847.40	4.311
847.58	4.247
847.76	8.483
847.95	5.140
848.13	4.446
848.31	4.112
848.49	5.492
848.68	4.511
848.86	5.335
849.04	4.390
849.22	4.129
849.40	5.313
849.59	4.505
849.77	4.716
849.95	6.016
850.13	4.430
850.32	5.056
850.50	5.707
850.68	4.583
850.86	4.404
851.04	4.824
851.23	4.826
851.41	5.435
851.59	3.965
851.77	4.392
851.95	4.271
852.14	4.245
852.32	3.709
852.50	4.074
852.68	4.082
852.86	4.794
853.04	4.804
853.23	5.421
853.41	4.174
853.59	4.305
853.77	3.655
853.95	4.005
854.14	4.308
854.32	5.207
854.50	4.541
854.68	3.993
854.86	3.869
855.04	4.337
855.23	4.306
855.41	4.224
855.59	4.694
855.77	3.946
855.95	4.967
856.13	4.007
856.31	5.581
856.50	3.978
856.68	4.556
856.86	4.342
857.04	4.745
857.22	5.960
857.40	4.142
857.59	4.452
857.77	5.579
857.95	3.864
858.13	4.487
858.31	4.311
858.49	4.592
858.67	4.741
858.85	3.836
859.04	3.981
859.22	4.962
859.40	3.993
859.58	4.090
859.76	3.607
859.94	3.565
860.12	5.096
860.30	3.742
860.49	6.131
860.67	4.508
860.85	4.966
861.03	4.562
861.21	4.628
861.39	4.664
861.57	4.090
861.75	4.941
861.93	3.826
862.12	4.851
862.30	5.269
862.48	3.792
862.66	5.287
862.84	4.400
863.02	4.145
863.20	4.586
863.38	4.982
863.56	4.876
863.74	3.721
863.92	3.894
864.11	4.097
864.29	5.067
864.47	5.450
864.65	4.358
864.83	4.160
865.01	3.524
865.19	4.359
865.37	5.265
865.55	4.379
865.73	4.639
865.91	4.961
866.09	4.413
866.27	4.069
866.45	4.234
866.64	4.235
866.82	4.768
867.00	3.646
867.18	3.694
867.36	5.321
867.54	3.913
867.72	4.411
867.90	4.643
868.08	4.407
868.26	5.607
868.44	4.888
868.62	4.515
868.80	4.511
868.98	4.434
869.16	4.241
869.34	4.481
869.52	5.440
869.70	6.224
869.88	5.487
870.06	3.941
870.24	4.421
870.42	4.132
870.60	5.049
870.78	4.623
870.96	4.880
871.14	3.683
871.32	4.379
871.50	3.970
871.68	4.011
871.86	4.520
872.04	4.375
872.22	4.295
872.40	4.433
872.58	4.231
872.76	4.021
872.94	4.208
873.12	4.507
873.30	5.383
873.48	4.656
873.66	4.983
873.84	4.614
874.02	4.310
874.20	4.753
874.38	4.109
874.56	5.269
874.74	4.011
874.92	3.828
875.10	4.177
875.28	4.382
875.46	3.816
875.64	5.625
875.82	4.233
876.00	4.764
876.18	5.725
876.36	5.028
876.54	4.625
876.72	4.926
876.90	3.721
877.08	4.112
877.26	5.247
877.44	4.644
877.62	4.119
877.80	5.037
877.98	4.548
878.16	4.725
878.34	4.403
878.52	4.857
878.70	4.935
878.88	4.538
879.05	4.455
879.23	3.875
879.41	3.860
879.59	4.138
879.77	5.064
879.95	4.090
880.13	5.019
880.31	4.905
880.49	3.761
880.67	3.926
880.85	3.707
881.03	4.208
881.21	5.287
881.39	3.683
881.56	4.216
881.74	4.083
881.92	4.544
882.10	9.480
882.28	4.131
882.46	5.389
882.64	4.744
882.82	4.006
883.00	3.822
883.18	4.283
883.36	3.872
883.53	3.564
883.71	4.942
883.89	4.589
884.07	5.937
884.25	3.661
884.43	4.441
884.61	4.260
884.79	3.472
884.97	3.949
885.14	3.675
885.32	2.937
885.50	3.860
885.68	3.290
885.86	3.744
886.04	4.171
886.22	3.627
886.40	3.680
886.57	3.427
886.75	3.205
886.93	4.290
887.11	3.875
887.29	4.806
887.47	4.399
887.65	6.133
887.82	3.742
888.00	4.370
888.18	4.374
888.36	3.861
888.54	3.805
888.72	3.684
888.90	3.478
889.07	2.968
889.25	3.932
889.43	3.394
889.61	3.785
889.79	4.639
889.97	3.640
890.14	4.776
890.32	3.742
890.50	3.297
890.68	3.847
890.86	4.320
891.04	3.253
891.21	4.037
891.39	4.399
891.57	4.068
891.75	3.270
891.93	4.071
892.10	4.378
892.28	4.278
892.46	4.074
892.64	3.361
892.82	4.719
893.00	3.408
893.17	3.675
893.35	3.155
893.53	4.690
893.71	3.602
893.89	3.186
894.06	3.592
894.24	4.085
894.42	3.451
894.60	3.918
894.78	3.342
894.95	3.253
895.13	6.048
895.31	3.906
895.49	3.321
895.66	3.374
895.84	3.109
896.02	3.575
896.20	3.197
896.38	3.211
896.55	2.851
896.73	4.142
896.91	3.119
897.09	3.920
897.26	2.719
897.44	3.060
897.62	4.040
897.80	2.529
897.97	3.505
898.15	2.559
898.33	3.816
898.51	3.219
898.68	3.489
898.86	3.788
899.04	4.318
899.22	3.519
899.39	3.115
899.57	3.382
899.75	3.742
899.93	2.800
900.10	3.426
900.28	3.306
900.46	3.614
900.64	3.627
900.81	3.758
900.99	3.235
901.17	3.359
901.34	3.294
901.52	3.775
901.70	3.132
901.88	3.508
902.05	4.395
902.23	3.785
902.41	3.478
902.58	2.841
902.76	3.738
902.94	3.426
903.12	3.870
903.29	3.536
903.47	3.814
903.65	3.035
903.82	4.015
904.00	4.409
904.18	4.247
904.36	3.585
904.53	3.914
904.71	3.642
904.89	3.817
905.06	4.855
905.24	4.078
905.42	3.602
905.59	4.281
905.77	3.532
905.95	3.318
906.12	3.612
906.30	3.750
906.48	2.914
906.65	4.010
906.83	4.474
907.01	3.978
907.18	3.151
907.36	4.063
907.54	3.023
907.71	3.956
907.89	3.898
908.07	2.649
908.24	4.255
908.42	4.183
908.60	3.441
908.77	3.586
908.95	4.694
909.13	3.725
909.30	3.989
909.48	3.072
909.66	3.378
909.83	3.514
910.01	2.915
910.18	4.224
910.36	3.340
910.54	3.935
910.71	2.949
910.89	3.136
911.07	3.236
911.24	4.400
911.42	2.704
911.59	4.320
911.77	3.314
911.95	3.111
912.12	3.293
912.30	3.414
912.48	3.469
912.65	3.943
912.83	3.554
913.00	3.444
913.18	3.105
913.36	3.948
913.53	3.095
913.71	3.936
913.88	4.402
914.06	3.339
914.24	4.166
914.41	2.897
914.59	3.637
914.76	3.575
914.94	3.510
915.12	3.421
915.29	3.821
915.47	4.646
915.64	3.433
915.82	3.763
915.99	2.931
916.17	3.498
916.35	3.524
916.52	3.363
916.70	3.264
916.87	3.134
917.05	4.374
917.22	3.401
917.40	4.449
917.58	4.680
917.75	3.118
917.93	3.964
918.10	3.315
918.28	4.117
918.45	4.215
918.63	3.111
918.80	3.181
918.98	4.305
919.16	3.761
919.33	4.457
919.51	4.207
919.68	4.832
919.86	2.877
920.03	3.943
920.21	4.214
920.38	4.810
920.56	3.608
920.73	4.387
920.91	3.492
921.08	3.639
921.26	4.669
921.44	4.131
921.61	3.529
921.79	6.647
921.96	3.920
922.14	3.583
922.31	3.372
922.49	3.830
922.66	3.987
922.84	2.995
923.01	4.473
923.19	4.936
923.36	3.842
923.54	4.429
923.71	5.748
923.89	5.331
924.06	5.241
924.24	4.614
924.41	3.725
924.59	3.402
924.76	3.756
924.94	5.281
925.11	3.737
925.29	4.514
925.46	3.690
925.64	3.937
925.81	4.118
925.98	3.872
926.16	5.239
926.33	4.201
926.51	4.143
926.68	5.191
926.86	3.453
927.03	4.035
927.21	5.537
927.38	5.378
927.56	3.926
927.73	5.422
927.91	3.677
928.08	3.076
928.26	3.715
928.43	2.787
928.60	4.124
928.78	4.259
928.95	3.957
929.13	3.356
929.30	4.045
929.48	4.577
929.65	3.327
929.83	6.341
930.00	3.648
930.17	3.439
930.35	3.645
930.52	3.771
930.70	5.801
930.87	4.011
931.05	3.322
931.22	2.956
931.39	3.191
931.57	4.172
931.74	4.045
931.92	3.207
932.09	4.063
932.26	4.027
932.44	4.153
932.61	2.644
932.79	4.949
932.96	3.635
933.13	3.173
933.31	4.079
933.48	5.024
933.66	4.709
933.83	4.522
934.00	3.194
934.18	4.428
934.35	3.735
934.53	3.090
934.70	4.124
934.87	3.324
935.05	4.550
935.22	4.030
935.40	3.770
935.57	3.227
935.74	4.062
935.92	3.329
936.09	4.959
936.26	4.197
936.44	4.064
936.61	4.734
936.79	5.282
936.96	4.310
937.13	4.432
937.31	3.826
937.48	4.787
937.65	4.013
937.83	3.647
938.00	3.918
938.17	4.718
938.35	5.040
938.52	3.975
938.69	5.179
938.87	4.063
939.04	4.615
939.21	5.755
939.39	3.672
939.56	3.938
939.73	5.589
939.91	4.137
940.08	5.683
940.25	5.430
940.43	4.563
940.60	4.553
940.77	4.286
940.95	5.580
941.12	5.922
941.29	5.065
941.47	4.379
941.64	5.187
941.81	5.107
941.99	5.850
942.16	6.485
942.33	3.648
942.51	4.912
942.68	5.184
942.85	3.947
943.02	4.825
943.20	4.106
943.37	5.081
943.54	6.594
943.72	4.607
943.89	6.224
944.06	5.883
944.23	4.653
944.41	4.327
944.58	4.256
944.75	5.764
944.93	4.061
945.10	5.705
945.27	5.437
945.44	5.453
945.62	5.027
945.79	5.486
945.96	4.042
946.14	4.339
946.31	5.498
946.48	5.494
946.65	5.357
946.83	5.235
947.00	5.294
947.17	5.088
947.34	5.145
947.52	5.628
947.69	3.751
947.86	3.530
948.03	4.902
948.21	6.545
948.38	4.713
948.55	4.357
948.72	5.497
948.90	5.517
949.07	5.491
949.24	6.080
949.41	5.596
949.58	5.244
949.76	5.574
949.93	5.774
950.10	5.143
950.27	5.139
950.45	6.380
950.62	5.414
950.79	5.743
950.96	3.983
951.13	3.093
951.31	8.057
951.48	6.308
951.65	6.918
951.82	5.326
952.00	4.394
952.17	4.310
952.34	5.406
952.51	5.127
952.68	4.088
952.86	4.769
953.03	4.477
953.20	5.577
953.37	4.073
953.54	4.712
953.71	8.416
953.89	5.221
954.06	5.137
954.23	6.734
954.40	7.098
954.57	5.057
954.75	6.372
954.92	5.269
955.09	6.102
955.26	4.473
955.43	7.288
955.60	6.580
955.78	4.711
955.95	4.407
956.12	5.010
956.29	5.647
956.46	5.252
956.63	5.342
956.81	6.303
956.98	6.993
957.15	9.138
957.32	6.607
957.49	4.793
957.66	5.400
957.83	6.363
958.01	4.856
958.18	4.954
958.35	6.800
958.52	5.829
958.69	4.514
958.86	5.147
959.03	8.092
959.20	6.387
959.38	6.887
959.55	6.011
959.72	6.952
959.89	5.736
960.06	5.548
960.23	5.299
960.40	7.668
960.57	6.870
960.75	6.154
960.92	4.291
961.09	8.498
961.26	6.287
961.43	6.045
961.60	6.272
961.77	6.948
961.94	6.633
962.11	6.067
962.28	8.147
962.46	6.709
962.63	6.612
962.80	6.762
962.97	4.526
963.14	6.401
963.31	5.564
963.48	6.751
963.65	9.394
963.82	7.370
963.99	8.215
964.16	5.965
964.33	6.187
964.50	5.874
964.68	8.342
964.85	5.917
965.02	8.047
965.19	8.883
965.36	7.533
965.53	7.571
965.70	5.756
965.87	8.670
966.04	5.400
966.21	8.892
966.38	6.225
966.55	6.757
966.72	7.225
966.89	4.799
967.06	8.434
967.23	6.407
967.40	8.638
967.57	5.801
967.74	6.232
967.91	7.707
968.09	7.099
968.26	8.482
968.43	6.600
968.60	6.721
968.77	5.415
968.94	10.106
969.11	6.553
969.28	6.492
969.45	8.628
969.62	6.682
969.79	5.386
969.96	8.591
970.13	6.488
970.30	7.989
970.47	6.907
970.64	7.207
970.81	7.883
970.98	6.922
971.15	9.062
971.32	11.655
971.49	8.190
971.66	6.756
971.83	7.923
972.00	6.979
972.17	7.631
972.34	6.229
972.51	5.619
972.68	6.994
972.85	8.023
973.02	6.286
973.19	8.158
973.36	7.568
973.53	7.122
973.70	7.174
973.86	9.965
974.03	8.899
974.20	9.016
974.37	9.555
974.54	9.275
974.71	9.335
974.88	8.462
975.05	7.008
975.22	8.540
975.39	11.021
975.56	8.752
975.73	7.014
975.90	6.696
976.07	7.041
976.24	8.848
976.41	9.629
976.58	8.511
976.75	8.472
976.92	8.631
977.08	6.289
977.25	12.535
977.42	8.097
977.59	8.465
977.76	8.347
977.93	8.922
978.10	7.921
978.27	7.409
978.44	9.457
978.61	7.951
978.78	10.727
978.95	8.335
979.12	7.259
979.28	7.155
979.45	10.303
979.62	8.753
979.79	8.209
979.96	7.033
980.13	8.419
980.30	7.549
980.47	8.185
980.64	6.944
980.81	9.206
980.97	9.536
981.14	14.707
981.31	8.083
981.48	6.910
981.65	7.291
981.82	6.781
981.99	7.144
982.16	8.079
982.32	11.417
982.49	20.372
982.66	7.580
982.83	11.292
983.00	12.660
983.17	9.898
983.34	8.081
983.51	10.980
983.67	10.282
983.84	10.352
984.01	11.933
984.18	9.125
984.35	10.951
984.52	8.544
984.68	8.900
984.85	8.713
985.02	10.696
985.19	9.204
985.36	10.348
985.53	10.905
985.70	12.237
985.86	9.139
986.03	10.470
986.20	10.322
986.37	10.425
986.54	10.267
986.71	8.230
986.87	10.779
987.04	8.188
987.21	11.079
987.38	10.919
987.55	9.041
987.71	11.727
987.88	9.420
988.05	10.992
988.22	10.530
988.39	10.022
988.55	11.277
988.72	12.331
988.89	12.990
989.06	11.491
989.23	11.143
989.39	12.180
989.56	13.981
989.73	15.080
989.90	14.229
990.07	11.412
990.23	11.554
990.40	13.602
990.57	11.013
990.74	12.567
990.90	9.793
991.07	7.876
991.24	9.941
991.41	16.231
991.58	7.220
991.74	10.022
991.91	13.293
992.08	12.880
992.25	5.854
992.41	9.201
992.58	13.311
992.75	10.500
992.92	10.865
993.08	8.125
993.25	10.836
993.42	10.865
993.59	7.645
993.75	11.128
993.92	15.125
994.09	16.059
994.26	9.691
994.42	12.520
994.59	13.012
994.76	14.828
994.93	8.408
995.09	12.629
995.26	20.374
995.43	17.933
995.59	12.079
995.76	11.304
995.93	14.338
996.10	13.373
996.26	13.269
996.43	8.946
996.60	13.851
996.76	15.430
996.93	9.423
997.10	9.333
997.27	16.483
997.43	14.338
997.60	11.148
997.77	11.914
997.93	15.538
998.10	9.331
998.27	11.411
998.43	12.296
998.60	12.858
998.77	17.465
998.94	9.450
999.10	19.821
999.27	15.570
999.44	13.326
999.60	11.139
999.77	11.752
999.94	15.886
1000.10	15.265
1000.27	10.819
1000.44	7.838
1000.60	21.277
1000.77	18.369
1000.94	9.529
1001.10	14.067
1001.27	14.844
1001.44	14.989
1001.60	10.965
1001.77	11.364
1001.94	14.644
1002.10	15.928
1002.27	10.735
1002.44	8.165
1002.60	14.192
1002.77	15.563
1002.93	9.062
1003.10	14.552
1003.27	12.895
1003.43	15.560
1003.60	12.947
1003.77	16.344
1003.93	16.913
1004.10	21.922
1004.26	8.402
1004.43	9.629
1004.60	22.241
1004.76	13.221
1004.93	16.449
1005.10	12.547
1005.26	17.491
1005.43	16.191
1005.59	10.675
1005.76	13.409
1005.93	20.648
1006.09	23.458
1006.26	9.242
1006.42	14.373
1006.59	16.830
1006.76	15.281
1006.92	9.917
1007.09	14.397
1007.25	17.871
1007.42	19.281
1007.59	15.709
1007.75	11.810
1007.92	17.408
1008.08	21.563
1008.25	12.626
1008.41	12.078
1008.58	21.655
1008.75	22.581
1008.91	12.944
1009.08	10.226
1009.24	17.182
1009.41	22.360
1009.57	12.582
1009.74	10.811
1009.91	16.482
1010.07	19.027
1010.24	12.251
1010.40	12.115
1010.57	16.408
1010.73	17.099
1010.90	15.231
1011.06	11.434
1011.23	20.199
1011.39	20.816
1011.56	22.005
1011.73	13.848
1011.89	21.462
1012.06	21.544
1012.22	16.625
1012.39	13.668
1012.55	19.341
1012.72	23.766
1012.88	16.225
1013.05	14.395
1013.21	22.957
1013.38	23.731
1013.54	13.204
1013.71	18.340
1013.87	23.582
1014.04	21.439
1014.20	16.257
1014.37	22.735
1014.53	26.489
1014.70	24.606
1014.86	11.702
1015.03	14.343
1015.19	19.419
1015.36	27.521
1015.52	14.471
1015.69	14.888
1015.85	25.674
1016.02	25.335
1016.18	20.635
1016.35	11.629
1016.51	28.777
1016.68	24.187
1016.84	19.703
1017.01	24.022
1017.17	18.875
1017.34	31.961
1017.50	15.914
1017.67	16.717
1017.83	24.537
1018.00	22.419
1018.16	23.512
1018.32	19.688
1018.49	20.728
1018.65	23.705
1018.82	15.540
1018.98	23.738
1019.15	27.513
1019.31	25.562
1019.48	17.986
1019.64	39.069
1019.81	31.388
1019.97	26.258
1020.13	24.818
1020.30	16.738
1020.46	26.390
1020.63	31.819
1020.79	21.506
1020.96	16.299
1021.12	29.773
1021.28	27.616
1021.45	30.824
1021.61	27.400
1021.78	32.124
1021.94	30.333
1022.10	26.659
1022.27	21.090
1022.43	36.231
1022.60	25.908
1022.76	17.809
1022.93	42.905
1023.09	23.340
1023.25	36.363
1023.42	28.015
1023.58	34.426
1023.75	28.416
1023.91	35.209
1024.07	17.565
1024.24	20.363
1024.40	24.388
1024.56	83.867
1024.73	26.344
1024.89	38.169
1025.06	33.630
1025.22	32.955
1025.38	24.125
1025.55	23.449
1025.71	28.466
1025.87	31.484
1026.04	32.538
1026.20	25.555
1026.37	33.871
1026.53	35.669
1026.69	31.811
1026.86	26.275
1027.02	30.674
1027.18	32.717
1027.35	42.104
1027.51	23.599
1027.67	41.845
1027.84	48.916
1028.00	27.074
1028.16	30.734
1028.33	37.441
1028.49	35.275
1028.65	15.397
1028.82	31.391
1028.98	44.841
1029.14	54.783
1029.31	30.351
1029.47	21.238
1029.63	41.302
1029.80	38.818
1029.96	24.558
1030.12	35.084
1030.29	41.129
1030.45	36.395
1030.61	28.907
1030.78	24.907
1030.94	43.794
1031.10	45.549
1031.27	25.093
1031.43	24.430
1031.59	32.381
1031.75	32.065
1031.92	53.871
1032.08	23.503
1032.24	37.567
1032.41	29.391
1032.57	35.700
1032.73	36.368
1032.90	38.026
1033.06	36.612
1033.22	20.906
1033.38	32.115
1033.55	85.115
1033.71	43.810
1033.87	33.634
1034.03	26.705
1034.20	52.120
1034.36	45.497
1034.52	35.760
1034.69	24.706
1034.85	45.160
1035.01	48.551
1035.17	27.621
1035.34	23.477
1035.50	42.817
1035.66	41.074
1035.82	32.707
1035.99	35.436
1036.15	36.437
1036.31	55.184
1036.47	30.680
1036.64	42.440
1036.80	53.846
1036.96	49.741
1037.12	30.820
1037.28	34.845
1037.45	40.628
1037.61	43.658
1037.77	44.046
1037.93	41.310
1038.10	36.138
1038.26	50.779
1038.42	34.372
1038.58	46.966
1038.74	40.326
1038.91	44.669
1039.07	34.166
1039.23	59.801
1039.39	48.596
1039.55	50.157
1039.72	35.098
1039.88	31.581
1040.04	49.296
1040.20	66.731
1040.36	32.432
1040.53	41.174
1040.69	66.140
1040.85	69.354
1041.01	58.170
1041.17	35.838
1041.34	57.432
1041.50	75.205
1041.66	24.418
1041.82	38.227
1041.98	59.496
1042.14	78.920
1042.31	51.097
1042.47	73.566
1042.63	58.445
1042.79	61.648
1042.95	36.938
1043.11	44.189
1043.28	49.119
1043.44	51.335
1043.60	41.209
1043.76	70.286
1043.92	107.857
