345.80	5.613
346.01	5.648
346.23	5.682
346.44	2.341
346.66	6.235
346.87	30.776
347.09	194.631
347.30	97.071
347.52	-5.051
347.73	-9.578
347.95	-37.227
348.16	-5.281
348.38	-9.721
348.59	12.546
348.81	-6.172
349.02	-22.260
349.24	-21.086
349.45	-9.168
349.67	18.421
349.88	14.025
350.10	10.264
350.31	101.926
350.53	19.971
350.74	13.202
350.96	24.850
351.17	10.790
351.38	82.952
351.60	53.146
351.81	19.886
352.03	-64.988
352.24	18.764
352.46	23.572
352.67	22.155
352.89	14.789
353.10	25.291
353.32	12.756
353.53	341.804
353.75	29.044
353.96	11.983
354.17	23.637
354.39	38.178
354.60	14.343
354.82	24.518
355.03	88.208
355.25	26.778
355.46	35.090
355.68	24.730
355.89	19.125
356.11	14.763
356.32	41.468
356.53	100.117
356.75	280.130
356.96	28.863
357.18	28.155
357.39	19.300
357.61	72.086
357.82	12.134
358.04	11.394
358.25	15.868
358.46	46.384
358.68	21.233
358.89	12.330
359.11	91.675
359.32	14.524
359.54	57.197
359.75	19.368
359.96	20.749
360.18	59.987
360.39	10.418
360.61	23.001
360.82	22.233
361.04	40.753
361.25	39.000
361.46	55.971
361.68	23.493
361.89	17.991
362.11	29.604
362.32	68.832
362.54	17.645
362.75	16.547
362.96	25.295
363.18	22.389
363.39	20.233
363.61	37.923
363.82	860.908
364.03	37.636
364.25	19.060
364.46	13.600
364.68	36.890
364.89	53.808
365.10	22.687
365.32	18.042
365.53	45.736
365.75	35.958
365.96	43.142
366.17	28.454
366.39	24.247
366.60	29.651
366.82	35.893
367.03	32.911
367.24	23.296
367.46	19.931
367.67	25.655
367.89	39.076
368.10	123.888
368.31	32.224
368.53	40.852
368.74	29.447
368.96	31.420
369.17	38.232
369.38	18.695
369.60	50.993
369.81	105.945
370.03	26.514
370.24	24.189
370.45	35.939
370.67	23.513
370.88	37.176
371.09	124.835
371.31	37.565
371.52	25.519
371.74	40.121
371.95	24.315
372.16	18.716
372.38	19.191
372.59	19.789
372.81	29.265
373.02	25.724
373.23	47.832
373.45	34.270
373.66	21.677
373.87	23.743
374.09	30.029
374.30	46.190
374.51	18.820
374.73	21.853
374.94	22.486
375.16	23.421
375.37	44.684
375.58	33.410
375.80	44.955
376.01	18.391
376.22	44.110
376.44	32.534
376.65	23.501
376.86	26.811
377.08	22.494
377.29	22.787
377.50	35.435
377.72	62.453
377.93	84.143
378.15	32.102
378.36	27.266
378.57	26.326
378.79	27.268
379.00	25.282
379.21	23.141
379.43	25.735
379.64	20.771
379.85	37.153
380.07	25.485
380.28	23.329
380.49	22.251
380.71	21.505
380.92	20.544
381.13	27.448
381.35	23.694
381.56	24.125
381.77	31.246
381.99	16.196
382.20	22.729
382.41	18.784
382.63	27.312
382.84	23.615
383.05	20.786
383.27	24.778
383.48	22.254
383.69	16.933
383.91	19.594
384.12	21.609
384.33	23.973
384.55	27.349
384.76	24.148
384.97	24.911
385.18	25.429
385.40	48.443
385.61	30.359
385.82	25.357
386.04	28.697
386.25	31.425
386.46	28.444
386.68	21.860
386.89	24.736
387.10	27.315
387.32	22.787
387.53	21.015
387.74	26.258
387.95	18.795
388.17	22.752
388.38	24.576
388.59	25.589
388.81	31.427
389.02	25.168
389.23	32.991
389.45	28.634
389.66	23.128
389.87	27.832
390.08	24.123
390.30	49.154
390.51	26.772
390.72	34.608
390.94	34.115
391.15	34.028
391.36	32.365
391.57	29.549
391.79	32.574
392.00	28.901
392.21	22.199
392.43	22.658
392.64	26.538
392.85	21.484
393.06	18.265
393.28	19.922
393.49	19.928
393.70	22.527
393.92	23.636
394.13	19.387
394.34	26.335
394.55	40.064
394.77	28.858
394.98	25.915
395.19	40.609
395.40	27.137
395.62	28.272
395.83	36.339
396.04	21.401
396.26	27.282
396.47	19.528
396.68	23.547
396.89	21.861
397.11	29.278
397.32	27.661
397.53	26.207
397.74	30.654
397.96	30.631
398.17	29.832
398.38	27.618
398.59	32.585
398.81	43.289
399.02	35.058
399.23	38.501
399.44	41.852
399.66	35.539
399.87	41.165
400.08	41.778
400.29	48.559
400.51	39.288
400.72	33.627
400.93	40.364
401.14	47.326
401.36	43.122
401.57	54.717
401.78	42.246
401.99	37.211
402.21	39.797
402.42	38.481
402.63	42.948
402.84	45.786
403.05	36.219
403.27	37.005
403.48	35.041
403.69	42.587
403.90	34.974
404.12	50.717
404.33	37.496
404.54	40.174
404.75	39.655
404.96	36.894
405.18	40.614
405.39	42.330
405.60	41.055
405.81	36.172
406.03	34.460
406.24	35.891
406.45	37.448
406.66	37.616
406.87	38.173
407.09	39.288
407.30	39.445
407.51	39.449
407.72	40.066
407.93	41.448
408.15	45.405
408.36	38.043
408.57	35.324
408.78	41.141
409.00	36.111
409.21	40.263
409.42	35.330
409.63	39.887
409.84	35.848
410.06	37.188
410.27	31.198
410.48	39.020
410.69	48.217
410.90	40.962
411.12	37.681
411.33	47.313
411.54	43.275
411.75	35.777
411.96	35.440
412.17	39.507
412.39	40.358
412.60	37.678
412.81	37.736
413.02	41.751
413.23	39.374
413.45	35.319
413.66	42.424
413.87	36.454
414.08	42.941
414.29	41.693
414.50	40.065
414.72	42.465
414.93	38.926
415.14	43.145
415.35	36.039
415.56	47.853
415.77	43.191
415.99	53.875
416.20	44.204
416.41	39.387
416.62	46.641
416.83	35.494
417.04	42.276
417.26	38.033
417.47	44.351
417.68	36.830
417.89	38.945
418.10	39.858
418.31	37.205
418.53	37.693
418.74	41.251
418.95	37.195
419.16	43.969
419.37	39.444
419.58	43.338
419.80	43.668
420.01	46.397
420.22	37.911
420.43	42.457
420.64	45.222
420.85	43.099
421.06	41.983
421.28	40.351
421.49	41.199
421.70	39.784
421.91	39.918
422.12	39.166
422.33	38.987
422.54	34.599
422.76	41.484
422.97	39.041
423.18	38.947
423.39	40.265
423.60	39.976
423.81	38.615
424.02	41.990
424.23	41.036
424.45	39.501
424.66	40.425
424.87	36.470
425.08	42.757
425.29	37.142
425.50	42.498
425.71	40.436
425.92	38.745
426.14	37.988
426.35	38.548
426.56	35.303
426.77	39.204
426.98	44.050
427.19	36.186
427.40	37.560
427.61	39.901
427.82	35.878
428.04	38.048
428.25	41.271
428.46	38.479
428.67	33.362
428.88	35.166
429.09	33.369
429.30	35.694
429.51	34.240
429.72	29.231
429.94	27.872
430.15	28.624
430.36	28.952
430.57	29.709
430.78	34.019
430.99	34.857
431.20	36.044
431.41	35.721
431.62	38.082
431.83	39.666
432.05	42.174
432.26	41.785
432.47	37.929
432.68	42.466
432.89	40.461
433.10	37.705
433.31	36.922
433.52	36.625
433.73	37.021
433.94	39.056
434.15	35.073
434.36	40.467
434.58	36.630
434.79	35.497
435.00	38.306
435.21	42.008
435.42	41.553
435.63	41.217
435.84	42.280
436.05	45.167
436.26	43.432
436.47	41.955
436.68	47.597
436.89	41.625
437.10	40.396
437.31	42.000
437.52	39.500
437.74	39.436
437.95	37.706
438.16	39.178
438.37	38.557
438.58	37.324
438.79	35.546
439.00	39.430
439.21	44.261
439.42	39.319
439.63	37.421
439.84	41.885
440.05	42.707
440.26	39.889
440.47	39.215
440.68	41.478
440.89	43.114
441.10	44.129
441.31	42.186
441.52	42.886
441.74	46.822
441.95	42.509
442.16	42.244
442.37	43.367
442.58	46.403
442.79	44.819
443.00	43.050
443.21	44.121
443.42	42.101
443.63	44.550
443.84	42.841
444.05	42.371
444.26	45.144
444.47	43.464
444.68	42.454
444.89	43.517
445.10	41.864
445.31	43.851
445.52	40.008
445.73	39.599
445.94	41.912
446.15	43.013
446.36	42.003
446.57	41.587
446.78	42.382
446.99	47.194
447.20	40.635
447.41	44.455
447.62	44.901
447.83	45.379
448.04	42.600
448.25	42.154
448.46	45.166
448.67	44.330
448.88	44.049
449.09	46.783
449.30	45.422
449.51	48.789
449.72	48.008
449.93	47.151
450.14	45.844
450.35	49.425
450.56	47.390
450.77	44.509
450.98	47.999
451.19	45.436
451.40	46.340
451.61	48.598
451.82	43.782
452.03	48.600
452.24	44.327
452.45	41.770
452.66	44.753
452.87	45.419
453.08	42.822
453.29	42.242
453.50	45.162
453.71	46.754
453.92	44.403
454.13	42.651
454.34	45.860
454.55	45.693
454.76	43.743
454.97	43.093
455.18	44.453
455.39	44.371
455.60	44.890
455.81	44.522
456.02	44.126
456.23	48.740
456.44	44.857
456.65	46.639
456.86	45.952
457.07	46.529
457.28	45.878
457.49	47.169
457.70	44.021
457.90	44.484
458.11	43.683
458.32	42.820
458.53	44.095
458.74	44.705
458.95	43.592
459.16	45.645
459.37	45.341
459.58	44.268
459.79	46.125
460.00	43.323
460.21	45.429
460.42	46.009
460.63	44.675
460.84	42.879
461.05	45.920
461.26	44.221
461.47	44.531
461.68	44.469
461.88	45.545
462.09	45.537
462.30	44.590
462.51	45.170
462.72	46.157
462.93	44.235
463.14	43.612
463.35	45.385
463.56	45.380
463.77	44.811
463.98	43.266
464.19	43.739
464.40	43.202
464.61	45.134
464.81	44.985
465.02	43.200
465.23	44.617
465.44	44.798
465.65	44.944
465.86	43.014
466.07	44.261
466.28	43.760
466.49	42.704
466.70	42.321
466.91	44.499
467.12	43.227
467.32	43.137
467.53	44.169
467.74	44.516
467.95	43.673
468.16	43.907
468.37	43.302
468.58	43.124
468.79	45.063
469.00	42.332
469.21	41.929
469.42	44.936
469.62	42.622
469.83	42.564
470.04	41.881
470.25	41.641
470.46	41.209
470.67	42.965
470.88	42.944
471.09	43.074
471.30	44.267
471.50	43.695
471.71	45.256
471.92	46.061
472.13	46.099
472.34	44.293
472.55	43.203
472.76	43.452
472.97	42.915
473.17	42.678
473.38	42.604
473.59	42.855
473.80	43.486
474.01	42.988
474.22	44.315
474.43	44.243
474.64	44.535
474.84	43.287
475.05	41.414
475.26	43.026
475.47	41.467
475.68	42.196
475.89	40.274
476.10	41.421
476.31	41.589
476.51	40.942
476.72	41.432
476.93	42.964
477.14	41.899
477.35	41.379
477.56	42.988
477.77	43.300
477.97	41.529
478.18	42.167
478.39	41.683
478.60	42.529
478.81	40.664
479.02	39.870
479.22	40.408
479.43	41.517
479.64	41.375
479.85	40.606
480.06	39.743
480.27	41.897
480.48	40.576
480.68	41.507
480.89	39.903
481.10	40.477
481.31	41.006
481.52	41.555
481.73	41.096
481.93	42.785
482.14	41.165
482.35	41.201
482.56	40.990
482.77	41.729
482.98	41.040
483.18	40.406
483.39	40.519
483.60	39.895
483.81	40.705
484.02	39.587
484.22	40.258
484.43	40.794
484.64	39.888
484.85	40.332
485.06	38.118
485.27	37.700
485.47	36.011
485.68	34.754
485.89	34.425
486.10	34.670
486.31	34.134
486.51	35.027
486.72	36.334
486.93	36.779
487.14	36.815
487.35	37.967
487.55	38.093
487.76	39.016
487.97	38.654
488.18	38.229
488.39	37.775
488.59	37.292
488.80	38.153
489.01	37.947
489.22	38.347
489.43	38.727
489.63	39.349
489.84	39.498
490.05	40.044
490.26	40.567
490.46	40.070
490.67	38.340
490.88	39.582
491.09	38.216
491.30	37.621
491.50	36.829
491.71	37.503
491.92	37.307
492.13	37.252
492.33	38.101
492.54	37.838
492.75	38.453
492.96	38.133
493.17	37.577
493.37	38.490
493.58	37.033
493.79	39.024
494.00	37.383
494.20	38.334
494.41	38.304
494.62	38.512
494.83	37.959
495.03	38.017
495.24	37.534
495.45	38.468
495.66	37.460
495.86	36.482
496.07	37.877
496.28	37.830
496.49	37.455
496.70	38.088
496.90	36.863
497.11	37.532
497.32	36.927
497.52	36.948
497.73	35.455
497.94	36.506
498.15	34.833
498.35	34.782
498.56	36.290
498.77	35.685
498.98	35.715
499.18	36.217
499.39	35.866
499.60	35.987
499.81	34.353
500.01	34.058
500.22	34.151
500.43	33.339
500.64	33.065
500.84	32.757
501.05	32.634
501.26	32.774
501.46	32.040
501.67	30.914
501.88	31.580
502.09	31.981
502.29	32.271
502.50	31.714
502.71	32.218
502.91	31.746
503.12	31.854
503.33	31.635
503.54	31.470
503.74	31.092
503.95	29.769
504.16	30.476
504.36	30.964
504.57	31.202
504.78	31.018
504.99	31.329
505.19	31.667
505.40	31.891
505.61	31.041
505.81	31.823
506.02	32.242
506.23	31.862
506.44	31.184
506.64	31.454
506.85	31.108
507.06	31.110
507.26	30.592
507.47	29.855
507.68	31.025
507.88	30.715
508.09	30.157
508.30	31.490
508.50	31.639
508.71	31.576
508.92	31.760
509.12	31.608
509.33	32.236
509.54	31.873
509.74	31.421
509.95	30.854
510.16	32.156
510.37	31.409
510.57	31.996
510.78	31.467
510.99	32.372
511.19	32.032
511.40	32.097
511.61	31.790
511.81	31.679
512.02	32.298
512.23	31.441
512.43	31.257
512.64	31.156
512.85	31.098
513.05	30.284
513.26	31.119
513.47	30.526
513.67	30.419
513.88	29.661
514.08	29.958
514.29	29.911
514.50	30.111
514.70	29.939
514.91	30.103
515.12	30.673
515.32	30.820
515.53	29.855
515.74	29.452
515.94	29.048
516.15	28.744
516.36	27.122
516.56	26.560
516.77	26.450
516.97	25.770
517.18	26.000
517.39	26.751
517.59	27.040
517.80	27.351
518.01	26.609
518.21	27.167
518.42	27.260
518.63	27.210
518.83	27.769
519.04	28.139
519.24	28.459
519.45	29.031
519.66	28.346
519.86	28.637
520.07	28.692
520.28	28.570
520.48	29.134
520.69	27.955
520.89	28.748
521.10	29.064
521.31	28.933
521.51	28.510
521.72	28.973
521.92	28.811
522.13	28.509
522.34	28.035
522.54	27.888
522.75	27.539
522.95	27.169
523.16	27.645
523.37	28.148
523.57	28.103
523.78	27.873
523.98	27.979
524.19	28.301
524.40	28.309
524.60	27.314
524.81	27.182
525.01	27.784
525.22	27.497
525.43	26.626
525.63	26.463
525.84	25.645
526.04	25.413
526.25	24.673
526.46	24.537
526.66	24.538
526.87	23.949
527.07	24.356
527.28	24.078
527.48	24.564
527.69	24.866
527.90	24.938
528.10	25.077
528.31	25.563
528.51	25.655
528.72	25.205
528.92	25.611
529.13	25.562
529.34	25.522
529.54	25.185
529.75	25.508
529.95	24.622
530.16	25.149
530.36	25.181
530.57	25.148
530.78	25.324
530.98	24.972
531.19	24.893
531.39	24.509
531.60	24.798
531.80	24.489
532.01	23.853
532.21	23.333
532.42	23.486
532.62	22.882
532.83	23.158
533.04	22.922
533.24	22.893
533.45	23.814
533.65	23.542
533.86	23.650
534.06	23.801
534.27	24.001
534.47	23.603
534.68	23.812
534.88	24.282
535.09	24.767
535.30	24.257
535.50	24.817
535.71	24.514
535.91	24.418
536.12	24.318
536.32	24.127
536.53	24.322
536.73	24.418
536.94	23.378
537.14	23.545
537.35	23.819
537.55	24.057
537.76	23.884
537.96	24.032
538.17	24.113
538.37	23.996
538.58	23.375
538.78	23.433
538.99	23.412
539.19	23.175
539.40	22.681
539.60	22.787
539.81	23.046
540.01	22.741
540.22	22.487
540.42	21.846
540.63	22.311
540.83	22.368
541.04	22.216
541.24	22.262
541.45	22.616
541.65	22.379
541.86	22.277
542.06	22.411
542.27	22.304
542.47	22.440
542.68	22.204
542.88	21.986
543.09	21.820
543.29	22.318
543.50	21.868
543.70	22.454
543.91	22.037
544.11	22.236
544.32	21.866
544.52	22.138
544.73	22.107
544.93	21.655
545.14	21.918
545.34	21.469
545.55	21.816
545.75	21.747
545.96	21.998
546.16	21.529
546.36	21.767
546.57	21.913
546.77	21.112
546.98	21.354
547.18	21.027
547.39	21.071
547.59	20.766
547.80	20.961
548.00	20.993
548.21	21.046
548.41	20.870
548.61	20.902
548.82	21.283
549.02	21.010
549.23	20.859
549.43	21.278
549.64	21.058
549.84	21.088
550.05	21.530
550.25	20.791
550.46	20.963
550.66	21.321
550.86	20.721
551.07	20.839
551.27	21.216
551.48	21.225
551.68	20.877
551.89	20.824
552.09	21.019
552.29	20.950
552.50	20.976
552.70	20.806
552.91	20.623
553.11	20.387
553.32	20.245
553.52	20.357
553.72	20.751
553.93	20.684
554.13	20.679
554.34	20.259
554.54	20.502
554.75	20.648
554.95	20.543
555.15	20.129
555.36	20.462
555.56	20.355
555.77	19.964
555.97	19.834
556.17	19.912
556.38	19.358
556.58	19.173
556.79	19.367
556.99	19.380
557.19	19.323
557.40	19.170
557.60	18.904
557.81	19.144
558.01	19.151
558.21	18.396
558.42	18.350
558.62	18.232
558.83	18.392
559.03	17.866
559.23	17.942
559.44	18.237
559.64	17.967
559.85	18.028
560.05	17.766
560.25	18.288
560.46	18.259
560.66	18.046
560.86	18.063
561.07	17.867
561.27	18.092
561.48	17.121
561.68	17.378
561.88	17.503
562.09	17.783
562.29	16.974
562.49	17.422
562.70	17.431
562.90	17.281
563.11	17.325
563.31	17.256
563.51	17.187
563.72	17.044
563.92	16.736
564.12	16.784
564.33	16.665
564.53	16.995
564.73	16.223
564.94	16.305
565.14	16.517
565.35	16.221
565.55	16.059
565.75	16.021
565.96	15.785
566.16	16.010
566.36	15.943
566.57	16.158
566.77	16.206
566.97	16.089
567.18	15.651
567.38	15.619
567.58	15.742
567.79	15.361
567.99	15.188
568.19	15.490
568.40	15.053
568.60	14.606
568.80	14.973
569.01	14.917
569.21	15.074
569.41	14.493
569.62	14.476
569.82	14.332
570.02	14.270
570.23	14.426
570.43	13.915
570.63	13.908
570.84	14.195
571.04	13.928
571.24	14.259
571.45	14.213
571.65	13.986
571.85	14.241
572.05	13.935
572.26	14.112
572.46	13.977
572.66	13.984
572.87	13.851
573.07	14.062
573.27	13.879
573.48	13.862
573.68	13.614
573.88	13.625
574.09	13.631
574.29	13.755
574.49	13.351
574.69	13.356
574.90	13.672
575.10	13.316
575.30	13.262
575.51	13.262
575.71	13.565
575.91	13.567
576.11	13.350
576.32	13.479
576.52	13.569
576.72	13.662
576.93	13.627
577.13	13.405
577.33	13.382
577.53	13.560
577.74	13.260
577.94	13.287
578.14	13.637
578.35	13.316
578.55	12.921
578.75	13.274
578.95	13.656
579.16	13.869
579.36	13.747
579.56	13.682
579.76	14.213
579.97	14.256
580.17	13.925
580.37	14.314
580.57	14.584
580.78	14.509
580.98	14.334
581.18	15.118
581.38	15.031
581.59	15.386
581.79	15.298
581.99	15.085
582.19	15.483
582.40	15.650
582.60	15.337
582.80	15.439
583.00	15.753
583.21	15.876
583.41	15.519
583.61	15.495
583.81	15.978
584.02	16.206
584.22	15.603
584.42	15.594
584.62	15.779
584.83	15.593
585.03	15.428
585.23	15.484
585.43	15.681
585.63	15.399
585.84	15.455
586.04	15.421
586.24	15.381
586.44	15.427
586.65	15.550
586.85	15.758
587.05	15.289
587.25	15.488
587.45	15.413
587.66	14.850
587.86	15.025
588.06	14.528
588.26	14.126
588.47	13.863
588.67	13.390
588.87	13.388
589.07	12.906
589.27	12.900
589.48	13.099
589.68	13.269
589.88	13.028
590.08	13.418
590.28	13.434
590.49	13.698
590.69	13.691
590.89	13.932
591.09	14.378
591.29	14.125
591.50	13.472
591.70	13.809
591.90	14.205
592.10	13.617
592.30	13.676
592.50	14.224
592.71	13.978
592.91	14.012
593.11	13.798
593.31	13.628
593.51	13.801
593.72	13.436
593.92	13.351
594.12	12.995
594.32	13.445
594.52	13.115
594.72	13.103
594.93	12.871
595.13	13.149
595.33	13.352
595.53	13.309
595.73	13.113
595.93	13.602
596.14	13.472
596.34	13.192
596.54	13.446
596.74	13.450
596.94	13.612
597.14	12.800
597.35	13.104
597.55	13.023
597.75	13.391
597.95	12.959
598.15	13.151
598.35	13.051
598.55	12.994
598.76	12.935
598.96	12.962
599.16	12.961
599.36	12.963
599.56	13.002
599.76	12.790
599.96	13.199
600.17	13.230
600.37	12.635
600.57	12.630
600.77	13.119
600.97	13.224
601.17	12.704
601.37	12.811
601.57	13.142
601.78	12.658
601.98	12.758
602.18	12.857
602.38	12.629
602.58	12.796
602.78	12.868
602.98	13.067
603.18	13.266
603.39	13.111
603.59	12.982
603.79	13.133
603.99	13.379
604.19	13.400
604.39	13.204
604.59	13.258
604.79	13.226
604.99	13.290
605.19	13.381
605.40	13.200
605.60	13.232
605.80	13.395
606.00	13.407
606.20	13.082
606.40	13.089
606.60	13.182
606.80	13.390
607.00	13.549
607.20	13.373
607.41	13.651
607.61	13.378
607.81	13.555
608.01	13.313
608.21	13.460
608.41	13.290
608.61	13.069
608.81	13.710
609.01	13.430
609.21	13.223
609.41	13.347
609.61	13.558
609.81	13.356
610.02	13.629
610.22	13.544
610.42	13.893
610.62	13.431
610.82	13.542
611.02	13.528
611.22	13.635
611.42	13.909
611.62	13.679
611.82	13.688
612.02	13.743
612.22	13.802
612.42	13.504
612.62	13.856
612.82	14.116
613.02	14.133
613.23	13.943
613.43	13.520
613.63	13.910
613.83	13.720
614.03	13.785
614.23	14.151
614.43	13.628
614.63	14.319
614.83	13.989
615.03	14.123
615.23	14.171
615.43	13.745
615.63	13.835
615.83	13.824
616.03	13.682
616.23	13.840
616.43	14.111
616.63	13.914
616.83	14.071
617.03	14.778
617.23	13.928
617.43	14.199
617.63	14.512
617.83	14.294
618.03	14.044
618.23	14.525
618.43	14.353
618.63	14.756
618.83	14.297
619.03	14.704
619.23	14.244
619.43	14.540
619.63	14.201
619.83	14.300
620.03	14.525
620.23	14.580
620.43	14.449
620.63	14.376
620.83	14.423
621.03	14.680
621.23	14.451
621.43	14.386
621.63	14.343
621.83	14.437
622.03	14.454
622.23	14.179
622.43	14.055
622.63	14.257
622.83	14.235
623.03	14.050
623.23	14.450
623.43	14.117
623.63	13.766
623.83	13.918
624.03	13.860
624.23	14.032
624.43	13.947
624.63	13.656
624.83	13.813
625.03	13.947
625.23	13.514
625.43	13.515
625.63	13.806
625.83	13.665
626.03	13.437
626.23	13.769
626.43	13.770
626.63	13.585
626.83	13.421
627.03	13.157
627.23	13.069
627.43	12.546
627.63	12.342
627.83	12.214
628.03	12.258
628.23	12.202
628.43	12.286
628.62	12.468
628.82	12.609
629.02	12.860
629.22	12.523
629.42	12.610
629.62	12.580
629.82	12.784
630.02	12.715
630.22	12.510
630.42	13.048
630.62	12.862
630.82	12.751
631.02	12.740
631.22	13.098
631.42	13.160
631.62	13.111
631.81	13.171
632.01	13.347
632.21	13.390
632.41	13.381
632.61	13.673
632.81	13.632
633.01	13.888
633.21	13.457
633.41	14.021
633.61	14.206
633.81	14.121
634.01	14.196
634.21	14.027
634.40	14.310
634.60	14.297
634.80	14.583
635.00	14.173
635.20	14.579
635.40	14.681
635.60	14.512
635.80	14.550
636.00	14.807
636.20	14.926
636.39	14.810
636.59	15.214
636.79	15.170
636.99	15.025
637.19	15.376
637.39	15.377
637.59	15.563
637.79	15.595
637.99	15.449
638.18	15.797
638.38	15.798
638.58	15.823
638.78	15.895
638.98	15.668
639.18	16.120
639.38	15.682
639.58	15.626
639.78	15.648
639.97	16.016
640.17	15.843
640.37	15.298
640.57	15.704
640.77	16.170
640.97	16.004
641.17	15.747
641.36	15.760
641.56	16.051
641.76	16.194
641.96	16.076
642.16	15.940
642.36	16.169
642.56	16.468
642.75	16.406
642.95	15.986
643.15	16.211
643.35	16.257
643.55	16.427
643.75	16.277
643.95	16.457
644.14	16.402
644.34	16.380
644.54	16.281
644.74	16.531
644.94	16.368
645.14	16.260
645.33	16.105
645.53	16.011
645.73	16.021
645.93	15.861
646.13	15.624
646.33	15.685
646.52	15.690
646.72	15.687
646.92	15.392
647.12	15.264
647.32	15.150
647.52	15.151
647.71	15.095
647.91	15.527
648.11	15.139
648.31	15.207
648.51	15.245
648.70	15.287
648.90	15.157
649.10	15.128
649.30	14.853
649.50	15.399
649.69	15.903
649.89	15.568
650.09	15.613
650.29	15.966
650.49	16.044
650.68	15.887
650.88	15.510
651.08	16.016
651.28	15.611
651.48	15.381
651.67	16.073
651.87	15.813
652.07	15.884
652.27	15.984
652.47	16.018
652.66	16.079
652.86	16.184
653.06	16.446
653.26	16.434
653.46	16.677
653.65	16.142
653.85	16.590
654.05	16.073
654.25	16.384
654.44	15.763
654.64	16.074
654.84	15.564
655.04	15.770
655.24	15.630
655.43	15.100
655.63	14.747
655.83	14.298
656.03	14.215
656.22	13.966
656.42	14.144
656.62	14.335
656.82	14.593
657.01	14.701
657.21	15.038
657.41	15.688
657.61	15.728
657.80	15.968
658.00	15.793
658.20	16.259
658.40	16.312
658.59	16.664
658.79	16.341
658.99	16.749
659.19	16.359
659.38	16.698
659.58	16.841
659.78	17.499
659.98	16.937
660.17	17.163
660.37	16.833
660.57	16.975
660.76	17.117
660.96	17.293
661.16	16.944
661.36	17.587
661.55	17.624
661.75	17.421
661.95	17.199
662.15	17.585
662.34	17.367
662.54	17.443
662.74	16.997
662.93	17.513
663.13	17.600
663.33	17.555
663.53	17.235
663.72	17.331
663.92	17.444
664.12	17.378
664.31	17.215
664.51	17.519
664.71	17.620
664.90	17.608
665.10	17.567
665.30	17.660
665.50	17.456
665.69	17.369
665.89	17.593
666.09	17.790
666.28	17.701
666.48	17.570
666.68	17.334
666.87	17.405
667.07	17.682
667.27	17.497
667.46	17.509
667.66	17.431
667.86	17.375
668.05	17.520
668.25	17.858
668.45	17.909
668.65	17.794
668.84	17.936
669.04	17.767
669.24	17.929
669.43	17.838
669.63	17.838
669.83	17.601
670.02	17.906
670.22	17.850
670.42	18.147
670.61	17.601
670.81	17.994
671.00	17.729
671.20	17.662
671.40	17.306
671.59	17.702
671.79	17.646
671.99	17.529
672.18	17.639
672.38	17.698
672.58	17.902
672.77	17.790
672.97	17.747
673.17	17.857
673.36	17.874
673.56	17.924
673.76	17.552
673.95	18.211
674.15	17.729
674.34	17.687
674.54	17.383
674.74	18.086
674.93	17.450
675.13	17.719
675.33	17.472
675.52	17.812
675.72	17.754
675.91	17.516
676.11	17.542
676.31	18.067
676.50	18.018
676.70	17.689
676.90	17.767
677.09	18.075
677.29	17.684
677.48	17.458
677.68	17.754
677.88	17.418
678.07	17.772
678.27	17.924
678.46	17.492
678.66	17.752
678.86	17.791
679.05	17.931
679.25	17.697
679.44	17.933
679.64	17.433
679.84	17.308
680.03	17.382
680.23	18.064
680.42	17.775
680.62	17.831
680.82	17.442
681.01	17.509
681.21	17.687
681.40	17.411
681.60	17.491
681.80	17.687
681.99	17.613
682.19	17.598
682.38	17.469
682.58	17.534
682.77	17.308
682.97	17.233
683.17	17.055
683.36	17.060
683.56	17.589
683.75	17.127
683.95	16.978
684.14	17.469
684.34	17.071
684.53	17.274
684.73	17.073
684.93	17.086
685.12	17.297
685.32	17.154
685.51	17.038
685.71	16.415
685.90	15.853
686.10	15.392
686.29	14.046
686.49	13.426
686.69	12.238
686.88	10.987
687.08	10.368
687.27	9.901
687.47	9.349
687.66	9.442
687.86	9.527
688.05	9.793
688.25	9.949
688.44	10.110
688.64	9.784
688.83	9.934
689.03	10.363
689.23	10.257
689.42	10.397
689.62	10.375
689.81	10.674
690.01	10.644
690.20	11.211
690.40	11.760
690.59	11.739
690.79	11.790
690.98	12.317
691.18	12.892
691.37	12.958
691.57	12.848
691.76	13.247
691.96	13.487
692.15	13.263
692.35	13.281
692.54	13.652
692.74	13.665
692.93	13.555
693.13	13.409
693.32	13.619
693.52	13.476
693.71	13.804
693.91	13.303
694.10	13.624
694.30	14.208
694.49	13.655
694.69	13.619
694.88	13.915
695.08	14.060
695.27	14.212
695.47	14.274
695.66	14.166
695.86	14.657
696.05	14.569
696.25	15.211
696.44	15.072
696.63	15.619
696.83	15.487
697.02	15.811
697.22	15.270
697.41	15.751
697.61	15.648
697.80	15.607
698.00	17.408
698.19	15.782
698.39	15.451
698.58	14.906
698.78	15.127
698.97	14.961
699.17	14.669
699.36	14.779
699.55	14.518
699.75	14.575
699.94	14.199
700.14	14.519
700.33	14.077
700.53	14.383
700.72	14.275
700.92	14.234
701.11	13.956
701.30	14.173
701.50	13.785
701.69	14.234
701.89	14.386
702.08	14.022
702.28	14.171
702.47	14.300
702.66	14.449
702.86	14.878
703.05	14.749
703.25	14.893
703.44	14.930
703.64	15.045
703.83	14.635
704.02	15.065
704.22	14.868
704.41	14.997
704.61	15.277
704.80	14.932
704.99	14.993
705.19	15.122
705.38	14.991
705.58	14.932
705.77	14.672
705.96	15.211
706.16	15.487
706.35	15.173
706.55	14.976
706.74	15.072
706.93	14.872
707.13	15.011
707.32	15.164
707.52	15.525
707.71	15.059
707.90	15.309
708.10	15.170
708.29	15.029
708.49	15.197
708.68	15.257
708.87	15.214
709.07	15.313
709.26	15.457
709.46	15.436
709.65	15.391
709.84	15.688
710.04	15.363
710.23	14.849
710.42	15.072
710.62	15.172
710.81	15.554
711.00	15.578
711.20	15.225
711.39	15.313
711.59	15.619
711.78	15.297
711.97	14.886
712.17	15.295
712.36	15.287
712.55	15.020
712.75	14.960
712.94	15.071
713.13	14.838
713.33	15.024
713.52	15.266
713.71	14.868
713.91	14.923
714.10	14.877
714.29	14.585
714.49	14.622
714.68	14.678
714.87	14.445
715.07	14.667
715.26	14.205
715.45	14.162
715.65	13.989
715.84	13.857
716.03	13.206
716.23	12.944
716.42	12.229
716.61	11.682
716.81	11.484
717.00	11.117
717.19	10.518
717.39	10.278
717.58	10.081
717.77	10.180
717.97	9.592
718.16	9.395
718.35	9.062
718.55	9.397
718.74	9.047
718.93	9.242
719.13	8.784
719.32	8.455
719.51	8.392
719.70	8.779
719.90	8.884
720.09	8.814
720.28	8.957
720.48	9.168
720.67	9.599
720.86	10.101
721.05	10.455
721.25	10.578
721.44	11.076
721.63	11.476
721.83	11.504
722.02	11.827
722.21	11.936
722.40	11.764
722.60	11.800
722.79	11.315
722.98	11.059
723.18	10.946
723.37	10.566
723.56	10.245
723.75	10.209
723.95	9.754
724.14	9.653
724.33	9.881
724.52	9.545
724.72	9.371
724.91	9.687
725.10	9.697
725.29	9.773
725.49	9.665
725.68	9.706
725.87	9.652
726.07	9.976
726.26	9.931
726.45	9.800
726.64	9.728
726.84	9.654
727.03	9.675
727.22	9.455
727.41	9.918
727.60	10.143
727.80	9.788
727.99	9.757
728.18	10.113
728.37	10.156
728.57	9.975
728.76	9.808
728.95	9.802
729.14	9.823
729.34	9.880
729.53	10.094
729.72	9.821
729.91	10.008
730.10	9.910
730.30	9.823
730.49	9.885
730.68	9.862
730.87	9.765
731.07	9.561
731.26	10.278
731.45	10.287
731.64	10.278
731.83	10.337
732.03	10.847
732.22	11.357
732.41	11.602
732.60	11.592
732.79	11.477
732.99	11.947
733.18	12.333
733.37	11.612
733.56	12.089
733.75	12.584
733.95	12.569
734.14	11.961
734.33	12.358
734.52	12.734
734.71	12.601
734.90	12.328
735.10	12.714
735.29	12.529
735.48	12.111
735.67	12.276
735.86	12.009
736.06	12.490
736.25	12.475
736.44	11.964
736.63	12.075
736.82	12.339
737.01	12.585
737.21	11.909
737.40	12.675
737.59	12.349
737.78	12.351
737.97	12.153
738.16	12.514
738.36	12.576
738.55	12.531
738.74	12.507
738.93	12.056
739.12	12.394
739.31	12.792
739.50	12.323
739.70	12.496
739.89	12.473
740.08	12.706
740.27	12.716
740.46	12.521
740.65	12.952
740.84	12.978
741.04	12.793
741.23	12.699
741.42	12.794
741.61	12.814
741.80	12.652
741.99	12.901
742.18	12.720
742.37	12.786
742.57	12.810
742.76	12.570
742.95	13.357
743.14	13.047
743.33	13.211
743.52	12.722
743.71	13.084
743.90	13.218
744.10	12.914
744.29	12.885
744.48	13.462
744.67	13.148
744.86	12.823
745.05	13.169
745.24	12.599
745.43	12.827
745.62	12.852
745.81	12.695
746.01	13.053
746.20	12.973
746.39	12.829
746.58	12.981
746.77	13.164
746.96	13.064
747.15	12.853
747.34	12.757
747.53	13.107
747.72	12.850
747.91	13.028
748.11	12.457
748.30	13.207
748.49	12.798
748.68	12.802
748.87	12.587
749.06	12.585
749.25	12.643
749.44	12.564
749.63	12.629
749.82	12.604
750.01	12.692
750.20	12.583
750.39	12.369
750.58	12.101
750.78	12.576
750.97	12.132
751.16	12.199
751.35	12.117
751.54	12.904
751.73	12.043
751.92	12.347
752.11	12.545
752.30	12.595
752.49	11.986
752.68	12.174
752.87	12.497
753.06	12.683
753.25	12.325
753.44	12.419
753.63	12.466
753.82	12.029
754.01	12.099
754.20	12.141
754.39	12.163
754.58	12.212
754.77	11.868
754.96	11.975
755.15	11.987
755.34	12.443
755.53	12.004
755.73	11.700
755.92	11.531
756.11	11.970
756.30	11.716
756.49	11.163
756.68	12.014
756.87	11.673
757.06	11.509
757.25	11.972
757.44	11.376
757.63	11.763
757.82	11.349
758.01	11.414
758.20	11.550
758.39	11.372
758.58	10.755
758.77	10.336
758.96	9.374
759.15	8.810
759.34	7.796
759.53	6.884
759.72	5.937
759.91	4.781
760.10	4.207
760.29	3.483
760.47	3.369
760.66	2.518
760.85	2.161
761.04	1.891
761.23	2.350
761.42	2.111
761.61	2.077
761.80	2.252
761.99	2.188
762.18	2.191
762.37	2.225
762.56	2.170
762.75	2.232
762.94	2.096
763.13	1.773
763.32	1.786
763.51	2.347
763.70	2.217
763.89	1.627
764.08	1.790
764.27	2.585
764.46	2.610
764.65	2.309
764.84	2.754
765.03	3.098
765.22	3.319
765.40	3.524
765.59	3.799
765.78	4.349
765.97	4.894
766.16	4.970
766.35	5.115
766.54	5.787
766.73	6.304
766.92	6.692
767.11	6.640
767.30	7.407
767.49	7.562
767.68	7.804
767.87	8.129
768.05	8.610
768.24	8.787
768.43	8.552
768.62	8.756
768.81	9.355
769.00	9.520
769.19	9.327
769.38	9.293
769.57	9.903
769.76	9.948
769.95	9.672
770.14	9.765
770.32	10.128
770.51	10.068
770.70	9.872
770.89	9.845
771.08	10.268
771.27	10.210
771.46	9.773
771.65	10.227
771.84	10.325
772.02	10.317
772.21	9.611
772.40	10.427
772.59	10.260
772.78	10.421
772.97	9.952
773.16	10.337
773.35	10.723
773.54	10.044
773.72	9.685
773.91	9.819
774.10	10.168
774.29	10.479
774.48	9.642
774.67	9.851
774.86	10.103
775.04	10.435
775.23	10.185
775.42	10.073
775.61	10.098
775.80	10.021
775.99	10.143
776.18	10.199
776.36	10.402
776.55	9.693
776.74	10.242
776.93	9.817
777.12	10.280
777.31	10.081
777.50	9.917
777.68	9.774
777.87	10.180
778.06	9.963
778.25	9.521
778.44	9.654
778.63	9.681
778.81	9.882
779.00	9.534
779.19	9.795
779.38	9.602
779.57	9.371
779.76	9.916
779.94	9.499
780.13	9.736
780.32	9.708
780.51	9.143
780.70	9.379
780.88	9.858
781.07	10.078
781.26	9.506
781.45	9.435
781.64	9.848
781.82	9.528
782.01	9.315
782.20	9.814
782.39	9.516
782.58	9.955
782.77	9.335
782.95	9.210
783.14	9.558
783.33	9.831
783.52	9.289
783.70	9.416
783.89	9.367
784.08	9.474
784.27	8.854
784.46	9.049
784.64	9.595
784.83	9.407
785.02	9.121
785.21	8.991
785.40	9.690
785.58	9.293
785.77	9.469
785.96	8.999
786.15	8.584
786.33	9.266
786.52	8.938
786.71	8.861
786.90	8.958
787.08	8.559
787.27	8.675
787.46	8.701
787.65	8.788
787.83	8.812
788.02	8.494
788.21	8.517
788.40	8.679
788.58	8.413
788.77	8.435
788.96	8.231
789.15	8.096
789.33	8.487
789.52	7.868
789.71	7.982
789.90	7.781
790.08	8.325
790.27	7.926
790.46	8.029
790.65	8.206
790.83	8.058
791.02	7.907
791.21	8.344
791.40	7.865
791.58	8.433
791.77	8.056
791.96	7.688
792.14	8.275
792.33	7.737
792.52	7.757
792.71	7.445
792.89	8.004
793.08	8.083
793.27	7.690
793.45	7.810
793.64	8.103
793.83	7.889
794.02	7.866
794.20	8.281
794.39	8.066
794.58	8.295
794.76	7.752
794.95	7.571
795.14	8.263
795.32	7.702
795.51	7.496
795.70	7.409
795.89	7.792
796.07	7.660
796.26	7.362
796.45	7.146
796.63	7.644
796.82	7.292
797.01	7.415
797.19	7.287
797.38	7.847
797.57	7.569
797.75	7.592
797.94	7.571
798.13	7.600
798.31	7.798
798.50	7.031
798.69	7.297
798.87	7.316
799.06	7.440
799.25	7.329
799.43	7.262
799.62	7.202
799.81	7.420
799.99	7.122
800.18	6.966
800.37	7.296
800.55	7.186
800.74	7.019
800.93	7.132
801.11	7.486
801.30	7.541
801.48	6.862
801.67	7.098
801.86	6.883
802.04	6.898
802.23	6.830
802.42	6.607
802.60	6.961
802.79	7.078
802.98	6.811
803.16	7.175
803.35	6.767
803.53	7.181
803.72	6.632
803.91	6.575
804.09	6.941
804.28	6.881
804.47	6.604
804.65	6.637
804.84	6.636
805.02	6.900
805.21	7.142
805.40	7.180
805.58	6.858
805.77	7.142
805.95	6.792
806.14	7.161
806.33	7.231
806.51	7.211
806.70	7.204
806.88	6.939
807.07	7.348
807.26	7.236
807.44	6.617
807.63	6.867
807.81	6.845
808.00	7.082
808.19	6.677
808.37	6.901
808.56	6.731
808.74	7.135
808.93	6.742
809.11	6.577
809.30	6.847
809.49	6.759
809.67	6.468
809.86	6.525
810.04	6.638
810.23	6.718
810.41	6.426
810.60	6.215
810.79	6.265
810.97	6.270
811.16	6.097
811.34	6.087
811.53	6.043
811.71	6.245
811.90	5.970
812.08	5.994
812.27	6.015
812.46	5.733
812.64	5.586
812.83	5.629
813.01	5.497
813.20	5.598
813.38	5.057
813.57	5.025
813.75	5.212
813.94	5.220
814.12	5.007
814.31	4.750
814.49	4.993
814.68	5.101
814.86	4.372
815.05	4.168
815.24	4.687
815.42	4.643
815.61	4.367
815.79	4.236
815.98	4.583
816.16	4.132
816.35	4.116
816.53	4.310
816.72	4.025
816.90	3.984
817.09	4.037
817.27	3.858
817.46	4.388
817.64	4.138
817.83	4.406
818.01	4.160
818.20	4.311
818.38	4.011
818.57	4.091
818.75	4.232
818.94	4.655
819.12	4.442
819.31	4.179
819.49	4.115
819.68	4.539
819.86	4.975
820.05	4.310
820.23	4.513
820.42	4.584
820.60	4.652
820.78	4.615
820.97	4.735
821.15	5.018
821.34	4.721
821.52	5.090
821.71	4.993
821.89	4.910
822.08	4.685
822.26	4.314
822.45	4.356
822.63	4.194
822.82	4.185
823.00	3.825
823.18	3.718
823.37	4.046
823.55	4.107
823.74	3.908
823.92	4.557
824.11	4.581
824.29	4.932
824.48	4.568
824.66	4.633
824.84	4.926
825.03	4.938
825.21	4.672
825.40	4.989
825.58	5.297
825.77	4.856
825.95	4.771
826.14	4.703
826.32	5.337
826.50	5.093
826.69	5.355
826.87	4.867
827.06	4.842
827.24	5.086
827.42	4.351
827.61	4.815
827.79	4.695
827.98	4.514
828.16	4.563
828.35	4.718
828.53	4.765
828.71	4.710
828.90	4.675
829.08	4.508
829.27	4.900
829.45	4.679
829.63	4.368
829.82	4.464
830.00	4.791
830.18	4.463
830.37	4.730
830.55	4.443
830.74	4.783
830.92	4.848
831.10	4.672
831.29	4.527
831.47	4.834
831.66	5.084
831.84	4.957
832.02	4.501
832.21	5.090
832.39	4.752
832.57	4.847
832.76	4.757
832.94	4.603
833.13	4.834
833.31	5.017
833.49	4.362
833.68	4.714
833.86	4.989
834.04	4.933
834.23	5.080
834.41	4.892
834.59	5.248
834.78	4.738
834.96	4.854
835.14	5.038
835.33	5.289
835.51	4.762
835.69	5.106
835.88	5.262
836.06	5.255
836.24	5.294
836.43	4.794
836.61	5.026
836.79	5.188
836.98	4.933
837.16	5.059
837.34	5.049
837.53	5.721
837.71	5.022
837.89	4.839
838.08	5.246
838.26	5.589
838.44	5.445
838.63	5.404
838.81	5.498
838.99	5.423
839.18	4.974
839.36	5.466
839.54	5.737
839.73	5.582
839.91	5.503
840.09	5.361
840.28	5.324
840.46	5.260
840.64	5.442
840.82	5.289
841.01	5.175
841.19	5.382
841.37	5.126
841.56	5.297
841.74	5.588
841.92	5.176
842.10	5.249
842.29	5.402
842.47	5.572
842.65	5.505
842.84	5.361
843.02	5.505
843.20	5.049
843.38	5.655
843.57	5.531
843.75	5.284
843.93	5.455
844.11	5.345
844.30	5.158
844.48	5.492
844.66	5.113
844.84	5.325
845.03	5.384
845.21	5.282
845.39	5.601
845.58	5.280
845.76	5.534
845.94	5.218
846.12	5.043
846.31	5.410
846.49	5.219
846.67	5.345
846.85	5.399
847.03	5.412
847.22	5.171
847.40	5.224
847.58	5.124
847.76	6.308
847.95	5.801
848.13	5.304
848.31	5.051
848.49	5.536
848.68	5.318
848.86	5.501
849.04	5.509
849.22	5.146
849.40	5.206
849.59	4.875
849.77	5.258
849.95	5.209
850.13	4.939
850.32	5.149
850.50	5.271
850.68	5.002
850.86	5.105
851.04	5.081
851.23	4.909
851.41	5.206
851.59	5.061
851.77	5.332
851.95	4.747
852.14	5.175
852.32	5.055
852.50	5.104
852.68	5.038
852.86	5.514
853.04	4.937
853.23	5.346
853.41	4.853
853.59	4.749
853.77	4.374
853.95	4.560
854.14	4.926
854.32	4.735
854.50	4.574
854.68	4.682
854.86	4.630
855.04	4.477
855.23	4.801
855.41	4.077
855.59	4.728
855.77	4.701
855.95	4.819
856.13	4.845
856.31	5.096
856.50	4.917
856.68	4.803
856.86	4.951
857.04	5.034
857.22	5.330
857.40	4.897
857.59	4.873
857.77	5.223
857.95	4.736
858.13	4.823
858.31	5.102
858.49	4.967
858.67	5.231
858.85	5.086
859.04	4.884
859.22	5.091
859.40	4.716
859.58	5.111
859.76	4.618
859.94	4.805
860.12	5.152
860.30	4.378
860.49	5.332
860.67	4.811
860.85	5.204
861.03	4.610
861.21	4.892
861.39	5.172
861.57	4.907
861.75	4.872
861.93	4.604
862.12	4.886
862.30	5.278
862.48	4.685
862.66	4.825
862.84	5.122
863.02	5.198
863.20	4.621
863.38	5.193
863.56	4.911
863.74	4.698
863.92	4.605
864.11	4.664
864.29	5.229
864.47	5.401
864.65	4.559
864.83	4.690
865.01	4.459
865.19	4.886
865.37	4.864
865.55	4.768
865.73	4.653
865.91	4.703
866.09	4.285
866.27	4.569
866.45	4.377
866.64	4.261
866.82	4.273
867.00	4.285
867.18	4.274
867.36	5.237
867.54	4.403
867.72	4.420
867.90	4.758
868.08	4.483
868.26	4.892
868.44	4.861
868.62	4.782
868.80	4.895
868.98	4.470
869.16	4.173
869.34	4.593
869.52	5.037
869.70	5.127
869.88	4.991
870.06	4.534
870.24	4.588
870.42	4.446
870.60	4.672
870.78	4.803
870.96	4.445
871.14	4.123
871.32	4.329
871.50	4.480
871.68	4.482
871.86	4.576
872.04	4.629
872.22	4.639
872.40	4.777
872.58	4.600
872.76	4.598
872.94	4.542
873.12	5.082
873.30	4.896
873.48	4.410
873.66	4.818
873.84	4.623
874.02	4.061
874.20	4.785
874.38	4.531
874.56	4.684
874.74	4.417
874.92	4.279
875.10	4.551
875.28	4.541
875.46	4.259
875.64	4.794
875.82	4.483
876.00	4.692
876.18	4.765
876.36	4.567
876.54	4.639
876.72	4.613
876.90	4.271
877.08	4.297
877.26	4.488
877.44	4.640
877.62	4.280
877.80	4.370
877.98	4.579
878.16	4.483
878.34	4.332
878.52	4.303
878.70	4.210
878.88	4.236
879.05	4.207
879.23	4.194
879.41	4.204
879.59	4.411
879.77	4.563
879.95	4.454
880.13	4.517
880.31	4.323
880.49	3.927
880.67	4.281
880.85	4.084
881.03	4.103
881.21	4.380
881.39	4.032
881.56	3.999
881.74	4.184
881.92	4.390
882.10	5.398
882.28	3.923
882.46	4.531
882.64	4.194
882.82	3.801
883.00	4.097
883.18	4.418
883.36	4.147
883.53	4.171
883.71	4.307
883.89	4.078
884.07	4.424
884.25	3.759
884.43	4.092
884.61	4.101
884.79	3.622
884.97	4.053
885.14	4.092
885.32	3.829
885.50	4.034
885.68	3.860
885.86	3.695
886.04	4.361
886.22	3.823
886.40	3.875
886.57	3.496
886.75	3.790
886.93	4.225
887.11	3.936
887.29	4.386
887.47	4.041
887.65	4.338
887.82	3.941
888.00	3.866
888.18	3.620
888.36	3.503
888.54	3.837
888.72	3.752
888.90	3.490
889.07	3.444
889.25	3.957
889.43	3.838
889.61	3.721
889.79	3.805
889.97	3.743
890.14	3.867
890.32	3.968
890.50	3.767
890.68	3.517
890.86	4.022
891.04	3.506
891.21	3.708
891.39	4.001
891.57	3.752
891.75	3.692
891.93	3.930
892.10	3.573
892.28	3.515
892.46	3.704
892.64	3.540
892.82	3.844
893.00	3.324
893.17	3.316
893.35	3.366
893.53	3.753
893.71	3.537
893.89	3.317
894.06	3.284
894.24	3.149
894.42	3.264
894.60	3.199
894.78	3.427
894.95	2.730
895.13	3.501
895.31	2.548
895.49	2.940
895.66	2.757
895.84	2.584
896.02	3.001
896.20	2.688
896.38	2.433
896.55	2.578
896.73	2.967
896.91	2.371
897.09	2.817
897.26	2.291
897.44	2.529
897.62	2.393
897.80	2.112
897.97	2.321
898.15	2.403
898.33	2.489
898.51	2.290
898.68	2.411
898.86	2.394
899.04	2.395
899.22	2.384
899.39	2.151
899.57	2.165
899.75	2.694
899.93	1.994
900.10	2.286
900.28	2.237
900.46	2.068
900.64	2.338
900.81	2.535
900.99	2.122
901.17	1.991
901.34	2.413
901.52	2.331
901.70	2.228
901.88	2.468
902.05	2.708
902.23	2.272
902.41	2.376
902.58	2.256
902.76	2.358
902.94	2.145
903.12	2.583
903.29	2.464
903.47	2.857
903.65	2.358
903.82	2.541
904.00	2.659
904.18	2.744
904.36	2.901
904.53	2.683
904.71	2.734
904.89	2.949
905.06	3.072
905.24	2.835
905.42	2.760
905.59	2.751
905.77	2.838
905.95	2.647
906.12	2.478
906.30	2.460
906.48	2.300
906.65	2.922
906.83	2.748
907.01	2.732
907.18	2.571
907.36	2.438
907.54	2.427
907.71	2.454
907.89	2.178
908.07	2.094
908.24	2.502
908.42	2.757
908.60	2.188
908.77	1.977
908.95	2.665
909.13	2.129
909.30	2.190
909.48	1.920
909.66	2.242
909.83	2.535
910.01	2.194
910.18	2.414
910.36	2.264
910.54	2.359
910.71	2.143
910.89	1.918
911.07	2.231
911.24	2.621
911.42	2.138
911.59	2.558
911.77	2.498
911.95	2.118
912.12	2.351
912.30	2.236
912.48	2.463
912.65	2.445
912.83	2.201
913.00	2.097
913.18	2.098
913.36	2.521
913.53	1.870
913.71	2.291
913.88	2.370
914.06	1.972
914.24	2.178
914.41	1.943
914.59	2.112
914.76	2.203
914.94	2.011
915.12	2.457
915.29	2.242
915.47	2.626
915.64	2.026
915.82	2.132
915.99	1.978
916.17	1.805
916.35	1.948
916.52	2.019
916.70	1.997
916.87	2.413
917.05	2.326
917.22	2.196
917.40	2.648
917.58	2.417
917.75	1.811
917.93	2.282
918.10	1.913
918.28	2.451
918.45	2.205
918.63	2.136
918.80	2.311
918.98	2.505
919.16	2.367
919.33	2.851
919.51	2.587
919.68	2.861
919.86	2.261
920.03	2.347
920.21	2.612
920.38	2.925
920.56	2.671
920.73	2.896
920.91	2.432
921.08	2.277
921.26	3.010
921.44	2.252
921.61	2.387
921.79	3.159
921.96	2.268
922.14	2.830
922.31	2.490
922.49	2.749
922.66	2.467
922.84	2.154
923.01	2.789
923.19	3.033
923.36	2.503
923.54	2.520
923.71	2.773
923.89	2.879
924.06	2.675
924.24	2.557
924.41	2.345
924.59	2.551
924.76	2.343
924.94	2.737
925.11	2.325
925.29	2.108
925.46	2.581
925.64	2.353
925.81	2.124
925.98	2.476
926.16	2.619
926.33	2.633
926.51	2.751
926.68	3.114
926.86	2.554
927.03	2.353
927.21	2.937
927.38	2.326
927.56	2.249
927.73	2.593
927.91	2.253
928.08	1.739
928.26	2.260
928.43	1.981
928.60	2.072
928.78	2.510
928.95	1.871
929.13	2.142
929.30	1.899
929.48	2.099
929.65	1.597
929.83	2.867
930.00	2.029
930.17	1.936
930.35	1.768
930.52	1.606
930.70	2.521
930.87	1.847
931.05	1.645
931.22	1.669
931.39	1.823
931.57	1.973
931.74	1.980
931.92	1.686
932.09	1.571
932.26	1.567
932.44	1.827
932.61	1.322
932.79	2.134
932.96	1.706
933.13	1.131
933.31	1.421
933.48	1.991
933.66	2.095
933.83	1.865
934.00	1.440
934.18	2.496
934.35	1.416
934.53	1.677
934.70	1.632
934.87	1.496
935.05	1.815
935.22	1.724
935.40	1.650
935.57	1.631
935.74	1.862
935.92	1.543
936.09	2.096
936.26	2.178
936.44	1.573
936.61	2.013
936.79	2.219
936.96	1.752
937.13	1.335
937.31	1.848
937.48	1.870
937.65	1.481
937.83	1.551
938.00	1.567
938.17	2.088
938.35	1.774
938.52	2.270
938.69	1.941
938.87	1.876
939.04	1.918
939.21	2.136
939.39	2.011
939.56	1.807
939.73	2.442
939.91	1.852
940.08	2.586
940.25	2.124
940.43	2.247
940.60	2.242
940.77	1.943
940.95	2.525
941.12	2.449
941.29	2.189
941.47	2.193
941.64	2.100
941.81	2.278
941.99	1.996
942.16	2.618
942.33	1.428
942.51	2.463
942.68	2.368
942.85	2.094
943.02	2.235
943.20	2.129
943.37	2.104
943.54	2.528
943.72	2.108
943.89	2.424
944.06	2.122
944.23	2.200
944.41	2.029
944.58	2.111
944.75	2.378
944.93	2.041
945.10	2.154
945.27	2.490
945.44	2.329
945.62	2.169
945.79	2.233
945.96	1.993
946.14	2.263
946.31	2.316
946.48	1.941
946.65	1.916
946.83	1.900
947.00	2.271
947.17	1.870
947.34	2.436
947.52	2.443
947.69	1.956
947.86	1.656
948.03	2.217
948.21	2.606
948.38	1.646
948.55	2.480
948.72	2.334
948.90	2.247
949.07	2.323
949.24	2.405
949.41	2.594
949.58	2.392
949.76	2.198
949.93	2.106
950.10	2.025
950.27	2.287
950.45	2.412
950.62	2.152
950.79	2.017
950.96	2.521
951.13	1.746
951.31	2.798
951.48	2.507
951.65	2.906
951.82	2.126
952.00	1.967
952.17	2.261
952.34	2.493
952.51	1.932
952.68	2.497
952.86	2.333
953.03	2.328
953.20	2.438
953.37	2.101
953.54	1.955
953.71	2.649
953.89	2.299
954.06	2.176
954.23	2.363
954.40	2.801
954.57	1.975
954.75	2.680
954.92	2.650
955.09	2.436
955.26	2.029
955.43	3.171
955.60	2.509
955.78	2.468
955.95	1.804
956.12	2.424
956.29	2.407
956.46	2.173
956.63	1.921
956.81	3.144
956.98	2.373
957.15	3.399
957.32	2.813
957.49	2.436
957.66	3.076
957.83	3.194
958.01	2.199
958.18	1.750
958.35	2.741
958.52	2.677
958.69	1.769
958.86	2.460
959.03	2.848
959.20	2.623
959.38	2.862
959.55	2.611
959.72	2.661
959.89	3.274
960.06	2.381
960.23	2.608
960.40	3.281
960.57	2.978
960.75	2.832
960.92	2.065
961.09	2.572
961.26	2.722
961.43	2.827
961.60	2.599
961.77	3.058
961.94	3.005
962.11	2.396
962.28	3.105
962.46	2.789
962.63	2.469
962.80	2.639
962.97	2.608
963.14	2.878
963.31	2.600
963.48	2.862
963.65	3.301
963.82	3.177
963.99	3.067
964.16	2.473
964.33	2.835
964.50	2.332
964.68	3.438
964.85	2.844
965.02	3.344
965.19	3.082
965.36	3.575
965.53	3.262
965.70	2.914
965.87	3.907
966.04	3.278
966.21	2.927
966.38	3.126
966.55	3.516
966.72	3.141
966.89	3.046
967.06	2.950
967.23	2.895
967.40	4.153
967.57	3.094
967.74	2.647
967.91	3.769
968.09	3.564
968.26	3.541
968.43	3.276
968.60	3.597
968.77	3.017
968.94	3.856
969.11	2.862
969.28	4.042
969.45	4.406
969.62	3.715
969.79	3.216
969.96	4.222
970.13	4.043
970.30	3.008
970.47	3.083
970.64	3.750
970.81	4.380
970.98	2.881
971.15	3.917
971.32	4.917
971.49	3.775
971.66	3.418
971.83	3.675
972.00	3.594
972.17	3.628
972.34	3.084
972.51	3.015
972.68	3.218
972.85	3.716
973.02	3.520
973.19	3.155
973.36	3.522
973.53	3.238
973.70	3.222
973.86	4.192
974.03	3.628
974.20	3.085
974.37	4.575
974.54	4.230
974.71	4.518
974.88	4.247
975.05	2.812
975.22	3.782
975.39	5.181
975.56	3.898
975.73	3.345
975.90	3.098
976.07	3.994
976.24	4.250
976.41	3.943
976.58	2.797
976.75	4.018
976.92	3.375
977.08	3.558
977.25	4.994
977.42	4.049
977.59	4.087
977.76	3.797
977.93	3.424
978.10	4.308
978.27	3.892
978.44	3.994
978.61	3.958
978.78	4.650
978.95	3.849
979.12	3.347
979.28	3.237
979.45	5.047
979.62	4.324
979.79	3.315
979.96	3.218
980.13	4.677
980.30	3.792
980.47	3.372
980.64	3.364
980.81	4.399
980.97	4.140
981.14	5.196
981.31	4.394
981.48	3.640
981.65	3.707
981.82	3.666
981.99	3.376
982.16	3.339
982.32	4.700
982.49	6.465
982.66	3.647
982.83	4.849
983.00	4.727
983.17	5.036
983.34	4.053
983.51	5.223
983.67	4.498
983.84	5.531
984.01	4.880
984.18	4.723
984.35	5.424
984.52	3.637
984.68	4.913
984.85	5.132
985.02	5.114
985.19	4.556
985.36	5.260
985.53	4.869
985.70	5.462
985.86	5.236
986.03	4.616
986.20	5.570
986.37	4.873
986.54	4.256
986.71	4.061
986.87	4.875
987.04	4.659
987.21	5.396
987.38	4.098
987.55	4.059
987.71	5.498
987.88	4.724
988.05	5.719
988.22	4.754
988.39	5.547
988.55	5.653
988.72	5.687
988.89	6.013
989.06	5.280
989.23	4.796
989.39	5.624
989.56	5.949
989.73	7.053
989.90	5.732
990.07	5.117
990.23	6.051
990.40	6.168
990.57	6.029
990.74	6.880
990.90	3.520
991.07	2.620
991.24	5.681
991.41	6.907
991.58	2.165
991.74	2.574
991.91	6.258
992.08	6.202
992.25	1.183
992.41	2.798
992.58	7.137
992.75	5.667
992.92	4.028
993.08	2.724
993.25	5.789
993.42	5.153
993.59	1.963
993.75	2.969
993.92	6.514
994.09	7.236
994.26	2.443
994.42	2.872
994.59	6.150
994.76	7.112
994.93	4.336
995.09	2.785
995.26	7.404
995.43	7.317
995.59	3.345
995.76	4.065
995.93	6.696
996.10	6.183
996.26	4.611
996.43	3.677
996.60	6.643
996.76	6.515
996.93	3.088
997.10	2.325
997.27	7.337
997.43	6.595
997.60	3.573
997.77	3.801
997.93	7.945
998.10	5.876
998.27	3.975
998.43	3.307
998.60	5.635
998.77	7.304
998.94	2.471
999.10	5.545
999.27	7.389
999.44	7.341
999.60	4.105
999.77	3.670
999.94	8.064
1000.10	8.031
1000.27	2.807
1000.44	2.136
1000.60	7.708
1000.77	8.087
1000.94	3.356
1001.10	3.517
1001.27	7.432
1001.44	7.609
1001.60	2.916
1001.77	3.814
1001.94	6.839
1002.10	6.272
1002.27	3.431
1002.44	2.265
1002.60	5.620
1002.77	8.408
1002.93	2.376
1003.10	3.924
1003.27	6.478
1003.43	8.154
1003.60	2.477
1003.77	3.063
1003.93	7.325
1004.10	9.277
1004.26	3.490
1004.43	2.170
1004.60	8.152
1004.76	7.429
1004.93	5.743
1005.10	3.282
1005.26	6.522
1005.43	8.587
1005.59	4.121
1005.76	3.391
1005.93	7.572
1006.09	10.679
1006.26	2.768
1006.42	3.732
1006.59	6.763
1006.76	7.022
1006.92	3.276
1007.09	4.903
1007.25	9.810
1007.42	7.807
1007.59	4.911
1007.75	3.598
1007.92	9.442
1008.08	10.488
1008.25	4.256
1008.41	4.105
1008.58	8.875
1008.75	9.587
1008.91	3.566
1009.08	5.230
1009.24	7.308
1009.41	11.300
1009.57	3.066
1009.74	3.973
1009.91	8.710
1010.07	9.784
1010.24	4.822
1010.40	4.399
1010.57	7.831
1010.73	8.316
1010.90	4.355
1011.06	3.905
1011.23	8.642
1011.39	8.447
1011.56	6.701
1011.73	5.493
1011.89	8.271
1012.06	10.587
1012.22	4.754
1012.39	3.250
1012.55	10.048
1012.72	9.300
1012.88	4.103
1013.05	2.937
1013.21	10.258
1013.38	11.458
1013.54	4.134
1013.71	5.939
1013.87	10.392
1014.04	8.945
1014.20	5.822
1014.37	6.400
1014.53	11.789
1014.70	10.350
1014.86	4.477
1015.03	4.248
1015.19	8.899
1015.36	11.681
1015.52	3.855
1015.69	4.216
1015.85	11.505
1016.02	13.851
1016.18	4.885
1016.35	3.220
1016.51	12.168
1016.68	10.597
1016.84	3.984
1017.01	5.953
1017.17	10.394
1017.34	15.623
1017.50	4.204
1017.67	6.203
1017.83	10.499
1018.00	13.909
1018.16	6.242
1018.32	5.701
1018.49	12.411
1018.65	12.025
1018.82	4.519
1018.98	7.742
1019.15	10.242
1019.31	11.069
1019.48	5.422
1019.64	8.194
1019.81	11.990
1019.97	11.641
1020.13	7.033
1020.30	5.466
1020.46	11.489
1020.63	13.862
1020.79	6.584
1020.96	5.038
1021.12	10.426
1021.28	14.802
1021.45	8.857
1021.61	7.408
1021.78	15.075
1021.94	14.936
1022.10	8.708
1022.27	7.588
1022.43	13.421
1022.60	10.672
1022.76	6.388
1022.93	13.293
1023.09	11.902
1023.25	13.000
1023.42	7.776
1023.58	10.875
1023.75	12.238
1023.91	12.323
1024.07	4.522
1024.24	7.440
1024.40	11.194
1024.56	24.917
1024.73	6.586
1024.89	10.838
1025.06	15.525
1025.22	17.552
1025.38	6.647
1025.55	6.469
1025.71	13.805
1025.87	16.275
1026.04	8.900
1026.20	6.999
1026.37	15.186
1026.53	14.174
1026.69	8.725
1026.86	8.963
1027.02	16.705
1027.18	15.691
1027.35	10.135
1027.51	4.609
1027.67	16.637
1027.84	17.165
1028.00	9.109
1028.16	9.254
1028.33	18.040
1028.49	13.021
1028.65	4.734
1028.82	9.479
1028.98	18.954
1029.14	22.693
1029.31	10.178
1029.47	9.822
1029.63	18.454
1029.80	15.043
1029.96	6.151
1030.12	12.107
1030.29	16.415
1030.45	17.968
1030.61	7.407
1030.78	8.211
1030.94	17.323
1031.10	21.452
1031.27	7.617
1031.43	7.465
1031.59	16.457
1031.75	17.158
1031.92	13.323
1032.08	10.183
1032.24	18.661
1032.41	15.162
1032.57	11.208
1032.73	11.186
1032.90	16.000
1033.06	15.449
1033.22	9.209
1033.38	11.837
1033.55	29.350
1033.71	20.377
1033.87	11.088
1034.03	7.765
1034.20	17.120
1034.36	17.749
1034.52	9.422
1034.69	7.166
1034.85	21.363
1035.01	22.417
1035.17	4.382
1035.34	10.078
1035.50	17.746
1035.66	20.929
1035.82	10.365
1035.99	8.196
1036.15	18.276
1036.31	20.680
1036.47	10.922
1036.64	13.287
1036.80	22.618
1036.96	24.324
1037.12	10.712
1037.28	8.784
1037.45	22.188
1037.61	18.352
1037.77	12.492
1037.93	9.833
1038.10	17.304
1038.26	22.508
1038.42	10.057
1038.58	11.571
1038.74	19.533
1038.91	13.712
1039.07	13.727
1039.23	18.069
1039.39	21.806
1039.55	21.924
1039.72	10.730
1039.88	8.821
1040.04	24.239
1040.20	29.037
1040.36	11.793
1040.53	8.856
1040.69	22.242
1040.85	31.536
1041.01	15.757
1041.17	11.764
1041.34	25.110
1041.50	26.616
1041.66	8.799
1041.82	14.483
1041.98	28.069
1042.14	30.159
1042.31	19.329
1042.47	20.313
1042.63	23.922
1042.79	27.136
1042.95	11.239
1043.11	11.534
1043.28	24.524
1043.44	23.476
1043.60	11.710
1043.76	19.913
1043.92	32.890
