345.80	22.051
346.01	22.187
346.23	22.323
346.44	5.608
346.66	15.298
346.87	-34.271
347.09	-137.240
347.30	-120.083
347.52	5.428
347.73	15.148
347.95	55.601
348.16	5.984
348.38	11.680
348.59	-13.587
348.81	11.672
349.02	20.284
349.24	18.032
349.45	10.729
349.67	-7.975
349.88	-5.489
350.10	-2.369
350.31	-34.279
350.53	-8.060
350.74	-5.412
350.96	-8.111
351.17	-3.597
351.38	-31.400
351.60	-20.395
351.81	-7.883
352.03	32.077
352.24	-6.424
352.46	-8.835
352.67	-7.662
352.89	-6.024
353.10	-9.716
353.32	-3.040
353.53	-107.807
353.75	-9.088
353.96	-3.015
354.17	-7.055
354.39	-11.058
354.60	-4.219
354.82	-8.419
355.03	-32.108
355.25	-9.364
355.46	-13.677
355.68	-7.742
355.89	-6.176
356.11	-6.132
356.32	-16.336
356.53	-40.854
356.75	-95.001
356.96	-8.888
357.18	-11.309
357.39	-7.157
357.61	-33.994
357.82	-4.471
358.04	-3.663
358.25	-6.168
358.46	-19.664
358.68	-7.657
358.89	-3.622
359.11	-28.565
359.32	-4.027
359.54	-13.909
359.75	-6.448
359.96	-5.298
360.18	-21.617
360.39	-2.873
360.61	-7.215
360.82	-6.207
361.04	-16.278
361.25	-10.951
361.46	-22.939
361.68	-6.952
361.89	-3.861
362.11	-7.600
362.32	-21.850
362.54	-4.894
362.75	-3.007
362.96	-5.235
363.18	-6.476
363.39	-6.041
363.61	-10.946
363.82	-218.149
364.03	-10.794
364.25	-3.224
364.46	-2.759
364.68	-7.960
364.89	-14.763
365.10	-4.398
365.32	-3.284
365.53	-7.203
365.75	-8.685
365.96	-11.466
366.17	-5.966
366.39	-4.251
366.60	-7.587
366.82	-7.156
367.03	-7.128
367.24	-5.234
367.46	-4.376
367.67	-5.565
367.89	-8.044
368.10	-24.537
368.31	-6.950
368.53	-8.846
368.74	-6.494
368.96	-5.968
369.17	-7.853
369.38	-2.792
369.60	-13.363
369.81	-21.663
370.03	-3.728
370.24	-4.282
370.45	-8.899
370.67	-4.439
370.88	-8.637
371.09	-27.513
371.31	-6.297
371.52	-4.754
371.74	-7.952
371.95	-5.550
372.16	-3.600
372.38	-4.529
372.59	-4.413
372.81	-8.985
373.02	-6.363
373.23	-10.913
373.45	-8.610
373.66	-4.071
373.87	-5.770
374.09	-6.461
374.30	-11.712
374.51	-3.643
374.73	-4.479
374.94	-4.703
375.16	-4.917
375.37	-8.079
375.58	-6.245
375.80	-10.148
376.01	-2.630
376.22	-8.822
376.44	-6.239
376.65	-3.475
376.86	-3.002
377.08	-2.111
377.29	-3.187
377.50	-7.247
377.72	-8.825
377.93	-11.725
378.15	-4.741
378.36	-5.392
378.57	-3.281
378.79	-3.471
379.00	-3.043
379.21	-3.198
379.43	-3.438
379.64	-2.057
379.85	-5.447
380.07	-2.076
380.28	-2.773
380.49	-2.663
380.71	-2.700
380.92	-3.533
381.13	-5.204
381.35	-5.521
381.56	-4.056
381.77	-9.230
381.99	-3.800
382.20	-5.219
382.41	-3.841
382.63	-7.577
382.84	-4.657
383.05	-4.391
383.27	-4.704
383.48	-3.654
383.69	-2.981
383.91	-3.466
384.12	-2.735
384.33	-3.573
384.55	-3.546
384.76	-1.234
384.97	-3.802
385.18	-3.134
385.40	-9.275
385.61	-4.452
385.82	-4.886
386.04	-4.686
386.25	-4.890
386.46	-5.409
386.68	-2.517
386.89	-1.737
387.10	-2.796
387.32	-2.676
387.53	-2.906
387.74	-2.764
387.95	-2.577
388.17	-2.627
388.38	-2.013
388.59	-3.493
388.81	-2.347
389.02	-0.974
389.23	-3.177
389.45	-1.148
389.66	-0.986
389.87	-1.115
390.08	-1.797
390.30	-3.959
390.51	-1.474
390.72	-1.692
390.94	-2.608
391.15	-2.533
391.36	-3.333
391.57	-2.868
391.79	-3.235
392.00	-2.984
392.21	-2.827
392.43	-4.523
392.64	-4.960
392.85	-4.319
393.06	-2.330
393.28	-3.458
393.49	-2.370
393.70	-1.024
393.92	-2.412
394.13	-0.687
394.34	-1.313
394.55	-3.229
394.77	-0.606
394.98	-0.308
395.19	-2.728
395.40	-2.176
395.62	-2.705
395.83	-4.810
396.04	-2.292
396.26	-3.669
396.47	-1.539
396.68	-2.270
396.89	-0.268
397.11	-1.719
397.32	-0.900
397.53	0.281
397.74	-0.237
397.96	-0.089
398.17	0.481
398.38	0.256
398.59	0.836
398.81	1.157
399.02	1.907
399.23	0.724
399.44	1.108
399.66	1.250
399.87	1.723
400.08	2.006
400.29	2.345
400.51	0.636
400.72	1.415
400.93	2.329
401.14	2.800
401.36	1.848
401.57	2.281
401.78	2.073
401.99	1.969
402.21	2.542
402.42	1.878
402.63	2.628
402.84	0.774
403.05	1.281
403.27	2.210
403.48	2.072
403.69	1.884
403.90	2.648
404.12	1.269
404.33	1.308
404.54	3.020
404.75	2.433
404.96	2.538
405.18	2.347
405.39	2.469
405.60	1.379
405.81	2.300
406.03	1.768
406.24	2.781
406.45	1.826
406.66	2.997
406.87	3.166
407.09	3.385
407.30	2.458
407.51	2.902
407.72	3.954
407.93	3.991
408.15	3.649
408.36	3.562
408.57	3.032
408.78	2.871
409.00	3.721
409.21	3.390
409.42	2.406
409.63	3.338
409.84	3.178
410.06	3.722
410.27	3.232
410.48	3.983
410.69	5.227
410.90	3.727
411.12	4.496
411.33	4.576
411.54	4.387
411.75	3.507
411.96	4.092
412.17	3.040
412.39	4.232
412.60	4.900
412.81	3.616
413.02	4.519
413.23	4.112
413.45	3.755
413.66	5.309
413.87	4.456
414.08	5.259
414.29	4.685
414.50	4.844
414.72	5.226
414.93	4.514
415.14	4.790
415.35	4.093
415.56	5.291
415.77	4.531
415.99	4.521
416.20	4.367
416.41	4.057
416.62	5.120
416.83	5.258
417.04	5.251
417.26	4.190
417.47	5.838
417.68	4.746
417.89	4.723
418.10	4.855
418.31	4.778
418.53	4.954
418.74	4.718
418.95	4.678
419.16	5.591
419.37	4.807
419.58	6.205
419.80	6.520
420.01	7.092
420.22	6.429
420.43	6.315
420.64	6.047
420.85	6.050
421.06	5.565
421.28	5.593
421.49	5.553
421.70	4.259
421.91	6.039
422.12	5.389
422.33	5.328
422.54	5.347
422.76	5.707
422.97	5.596
423.18	6.077
423.39	6.092
423.60	6.180
423.81	5.675
424.02	6.854
424.23	5.919
424.45	6.019
424.66	6.326
424.87	6.008
425.08	6.557
425.29	5.586
425.50	6.779
425.71	6.499
425.92	5.780
426.14	5.375
426.35	5.922
426.56	5.360
426.77	7.173
426.98	7.305
427.19	6.687
427.40	6.332
427.61	5.792
427.82	6.304
428.04	7.095
428.25	5.708
428.46	5.421
428.67	5.196
428.88	5.383
429.09	4.481
429.30	3.911
429.51	4.634
429.72	4.567
429.94	4.959
430.15	5.257
430.36	6.145
430.57	6.262
430.78	7.022
430.99	7.318
431.20	7.307
431.41	7.922
431.62	7.158
431.83	7.371
432.05	7.987
432.26	7.639
432.47	7.894
432.68	8.365
432.89	6.551
433.10	7.213
433.31	7.434
433.52	7.123
433.73	8.835
433.94	7.767
434.15	7.662
434.36	8.398
434.58	8.648
434.79	8.872
435.00	9.308
435.21	9.428
435.42	9.195
435.63	9.005
435.84	9.646
436.05	11.193
436.26	9.625
436.47	8.938
436.68	10.228
436.89	8.342
437.10	8.398
437.31	7.758
437.52	8.799
437.74	8.532
437.95	8.436
438.16	9.503
438.37	9.707
438.58	8.942
438.79	8.608
439.00	9.202
439.21	10.373
439.42	9.559
439.63	9.458
439.84	10.101
440.05	10.787
440.26	9.697
440.47	10.008
440.68	11.545
440.89	10.674
441.10	10.667
441.31	11.912
441.52	10.862
441.74	11.042
441.95	10.115
442.16	10.872
442.37	12.112
442.58	11.394
442.79	11.416
443.00	11.444
443.21	11.028
443.42	10.896
443.63	11.832
443.84	11.104
444.05	10.814
444.26	11.281
444.47	10.732
444.68	11.637
444.89	10.592
445.10	9.729
445.31	11.143
445.52	11.307
445.73	10.910
445.94	12.006
446.15	11.350
446.36	12.511
446.57	12.133
446.78	11.632
446.99	12.725
447.20	11.645
447.41	12.324
447.62	12.871
447.83	12.567
448.04	11.776
448.25	12.721
448.46	13.008
448.67	13.002
448.88	13.322
449.09	13.497
449.30	13.481
449.51	14.123
449.72	14.171
449.93	14.211
450.14	13.561
450.35	13.585
450.56	13.964
450.77	13.316
450.98	13.965
451.19	13.362
451.40	13.265
451.61	13.779
451.82	12.736
452.03	14.357
452.24	12.628
452.45	13.084
452.66	13.532
452.87	14.150
453.08	12.762
453.29	13.595
453.50	14.920
453.71	14.533
453.92	13.855
454.13	13.818
454.34	14.173
454.55	13.954
454.76	14.589
454.97	14.513
455.18	14.198
455.39	14.370
455.60	13.945
455.81	14.557
456.02	14.856
456.23	15.126
456.44	14.857
456.65	15.203
456.86	14.413
457.07	14.559
457.28	14.255
457.49	14.643
457.70	14.142
457.90	14.218
458.11	15.022
458.32	14.078
458.53	14.688
458.74	14.305
458.95	14.696
459.16	15.384
459.37	15.353
459.58	15.082
459.79	16.077
460.00	16.035
460.21	16.020
460.42	15.354
460.63	15.789
460.84	15.304
461.05	15.465
461.26	15.773
461.47	15.605
461.68	15.988
461.88	16.175
462.09	15.316
462.30	15.859
462.51	15.948
462.72	16.437
462.93	15.761
463.14	15.654
463.35	16.243
463.56	15.985
463.77	15.718
463.98	15.369
464.19	16.197
464.40	16.416
464.61	17.321
464.81	17.675
465.02	16.674
465.23	16.504
465.44	15.993
465.65	16.313
465.86	15.935
466.07	16.429
466.28	15.957
466.49	16.609
466.70	16.332
466.91	17.312
467.12	16.993
467.32	17.050
467.53	17.756
467.74	17.084
467.95	17.953
468.16	17.467
468.37	17.492
468.58	16.731
468.79	17.348
469.00	17.164
469.21	16.860
469.42	16.845
469.62	16.879
469.83	17.120
470.04	17.243
470.25	17.292
470.46	17.461
470.67	18.848
470.88	18.381
471.09	17.892
471.30	18.027
471.50	18.450
471.71	18.569
471.92	18.772
472.13	18.778
472.34	17.870
472.55	17.901
472.76	17.946
472.97	18.510
473.17	18.567
473.38	18.246
473.59	18.465
473.80	18.404
474.01	18.534
474.22	19.156
474.43	18.289
474.64	18.808
474.84	18.161
475.05	16.969
475.26	18.092
475.47	17.116
475.68	17.923
475.89	17.232
476.10	18.070
476.31	18.263
476.51	18.085
476.72	18.232
476.93	18.585
477.14	18.534
477.35	18.472
477.56	18.640
477.77	18.800
477.97	18.397
478.18	18.892
478.39	19.280
478.60	18.560
478.81	18.537
479.02	18.529
479.22	18.583
479.43	18.844
479.64	19.236
479.85	18.849
480.06	18.689
480.27	19.315
480.48	19.379
480.68	20.005
480.89	19.403
481.10	19.311
481.31	19.759
481.52	19.888
481.73	19.376
481.93	20.503
482.14	19.663
482.35	19.712
482.56	19.712
482.77	20.013
482.98	19.615
483.18	19.830
483.39	19.846
483.60	19.153
483.81	19.546
484.02	19.325
484.22	18.643
484.43	18.183
484.64	17.636
484.85	17.399
485.06	17.229
485.27	17.384
485.47	17.470
485.68	17.237
485.89	17.527
486.10	17.971
486.31	18.294
486.51	18.341
486.72	18.958
486.93	18.882
487.14	18.672
487.35	19.312
487.55	19.555
487.76	19.616
487.97	19.202
488.18	19.534
488.39	19.958
488.59	19.352
488.80	19.868
489.01	20.227
489.22	20.461
489.43	19.833
489.63	20.117
489.84	20.252
490.05	20.675
490.26	20.235
490.46	20.204
490.67	19.386
490.88	19.840
491.09	19.416
491.30	19.264
491.50	19.387
491.71	20.124
491.92	20.083
492.13	20.056
492.33	20.621
492.54	20.775
492.75	20.204
492.96	20.179
493.17	20.772
493.37	21.086
493.58	20.320
493.79	21.455
494.00	20.716
494.20	21.249
494.41	20.419
494.62	20.324
494.83	20.306
495.03	20.475
495.24	20.128
495.45	21.123
495.66	20.674
495.86	20.387
496.07	20.863
496.28	20.860
496.49	20.559
496.70	20.663
496.90	20.247
497.11	19.947
497.32	19.980
497.52	19.914
497.73	19.557
497.94	20.513
498.15	19.234
498.35	19.628
498.56	20.166
498.77	19.709
498.98	19.988
499.18	19.501
499.39	19.380
499.60	19.256
499.81	18.800
500.01	18.753
500.22	18.516
500.43	18.270
500.64	18.289
500.84	18.660
501.05	18.702
501.26	18.103
501.46	18.659
501.67	18.014
501.88	18.198
502.09	18.113
502.29	18.110
502.50	17.832
502.71	17.847
502.91	17.643
503.12	17.587
503.33	17.882
503.54	17.694
503.74	18.217
503.95	18.045
504.16	18.266
504.36	18.299
504.57	18.391
504.78	18.434
504.99	18.931
505.19	18.686
505.40	18.803
505.61	18.572
505.81	18.873
506.02	18.719
506.23	18.434
506.44	18.560
506.64	18.448
506.85	18.373
507.06	18.634
507.26	18.484
507.47	18.475
507.68	18.809
507.88	18.973
508.09	19.047
508.30	19.168
508.50	18.953
508.71	19.338
508.92	19.249
509.12	19.310
509.33	19.436
509.54	20.064
509.74	19.796
509.95	19.729
510.16	19.912
510.37	20.108
510.57	20.227
510.78	19.963
510.99	20.026
511.19	19.637
511.40	19.787
511.61	19.783
511.81	19.663
512.02	20.124
512.23	19.742
512.43	19.380
512.64	19.407
512.85	19.207
513.05	19.186
513.26	19.408
513.47	18.932
513.67	19.222
513.88	18.857
514.08	19.528
514.29	19.389
514.50	19.216
514.70	19.823
514.91	19.464
515.12	19.095
515.32	18.400
515.53	17.837
515.74	17.810
515.94	17.533
516.15	17.750
516.36	17.177
516.56	17.425
516.77	17.353
516.97	17.326
517.18	17.576
517.39	17.610
517.59	17.598
517.80	17.907
518.01	18.270
518.21	18.152
518.42	18.145
518.63	18.802
518.83	19.106
519.04	19.081
519.24	19.101
519.45	19.085
519.66	19.230
519.86	19.379
520.07	19.680
520.28	19.550
520.48	19.294
520.69	19.236
520.89	19.161
521.10	19.428
521.31	18.957
521.51	18.979
521.72	19.284
521.92	19.118
522.13	19.117
522.34	19.241
522.54	19.427
522.75	19.099
522.95	19.224
523.16	19.497
523.37	19.077
523.57	19.128
523.78	18.931
523.98	19.324
524.19	19.151
524.40	19.032
524.60	18.837
524.81	18.683
525.01	18.491
525.22	18.298
525.43	17.754
525.63	17.394
525.84	17.120
526.04	16.868
526.25	17.275
526.46	17.070
526.66	17.203
526.87	17.273
527.07	17.717
527.28	17.621
527.48	18.227
527.69	18.102
527.90	18.095
528.10	18.021
528.31	18.289
528.51	18.336
528.72	18.068
528.92	17.987
529.13	17.893
529.34	18.118
529.54	18.239
529.75	18.123
529.95	18.091
530.16	18.198
530.36	18.530
530.57	18.083
530.78	17.721
530.98	17.888
531.19	17.767
531.39	17.923
531.60	17.672
531.80	17.163
532.01	17.333
532.21	17.188
532.42	17.490
532.62	17.227
532.83	17.136
533.04	17.411
533.24	17.101
533.45	17.561
533.65	17.926
533.86	18.122
534.06	18.024
534.27	18.155
534.47	18.578
534.68	18.226
534.88	18.463
535.09	18.613
535.30	18.584
535.50	18.778
535.71	18.197
535.91	18.215
536.12	18.382
536.32	18.459
536.53	18.588
536.73	18.833
536.94	18.227
537.14	18.287
537.35	18.815
537.55	18.165
537.76	18.403
537.96	18.267
538.17	18.207
538.37	18.275
538.58	18.180
538.78	17.966
538.99	17.935
539.19	17.820
539.40	17.798
539.60	17.329
539.81	17.454
540.01	17.306
540.22	17.683
540.42	17.357
540.63	17.653
540.83	17.810
541.04	17.440
541.24	17.521
541.45	17.586
541.65	17.583
541.86	17.652
542.06	17.808
542.27	17.561
542.47	17.522
542.68	17.882
542.88	17.920
543.09	17.819
543.29	17.650
543.50	17.621
543.70	18.118
543.91	17.684
544.11	17.875
544.32	17.792
544.52	17.971
544.73	18.028
544.93	17.551
545.14	17.646
545.34	17.805
545.55	17.618
545.75	17.566
545.96	17.784
546.16	17.680
546.36	17.546
546.57	17.729
546.77	17.456
546.98	17.357
547.18	17.541
547.39	17.588
547.59	17.533
547.80	17.726
548.00	17.664
548.21	17.981
548.41	18.016
548.61	17.739
548.82	17.725
549.02	17.616
549.23	17.667
549.43	17.648
549.64	17.888
549.84	17.906
550.05	18.036
550.25	17.853
550.46	18.100
550.66	17.395
550.86	18.068
551.07	18.282
551.27	17.991
551.48	18.073
551.68	18.127
551.89	17.533
552.09	17.581
552.29	17.672
552.50	17.648
552.70	18.024
552.91	17.954
553.11	17.727
553.32	17.962
553.52	17.821
553.72	17.997
553.93	18.180
554.13	17.936
554.34	18.182
554.54	17.653
554.75	17.605
554.95	17.786
555.15	17.671
555.36	17.771
555.56	17.580
555.77	17.544
555.97	17.248
556.17	17.119
556.38	16.871
556.58	17.122
556.79	17.359
556.99	17.271
557.19	16.810
557.40	17.062
557.60	16.731
557.81	16.316
558.01	16.668
558.21	16.632
558.42	16.351
558.62	16.527
558.83	16.161
559.03	16.221
559.23	16.141
559.44	16.489
559.64	16.437
559.85	16.180
560.05	16.468
560.25	16.450
560.46	16.307
560.66	16.135
560.86	16.057
561.07	15.773
561.27	16.261
561.48	15.896
561.68	15.835
561.88	16.002
562.09	15.959
562.29	15.695
562.49	15.994
562.70	15.560
562.90	15.588
563.11	15.310
563.31	15.736
563.51	15.491
563.72	15.461
563.92	15.362
564.12	14.980
564.33	15.281
564.53	14.969
564.73	14.871
564.94	14.703
565.14	14.676
565.35	14.540
565.55	14.574
565.75	14.523
565.96	14.770
566.16	14.601
566.36	14.629
566.57	14.568
566.77	14.659
566.97	14.366
567.18	13.985
567.38	13.853
567.58	13.680
567.79	13.552
567.99	13.394
568.19	13.702
568.40	13.177
568.60	13.121
568.80	13.223
569.01	13.177
569.21	13.046
569.41	12.849
569.62	12.731
569.82	12.889
570.02	12.580
570.23	12.549
570.43	12.410
570.63	12.498
570.84	12.308
571.04	12.424
571.24	12.738
571.45	12.359
571.65	12.302
571.85	12.213
572.05	12.208
572.26	12.293
572.46	11.973
572.66	11.968
572.87	12.336
573.07	12.118
573.27	11.915
573.48	12.258
573.68	12.153
573.88	11.901
574.09	11.988
574.29	11.916
574.49	11.769
574.69	11.558
574.90	11.418
575.10	11.672
575.30	11.699
575.51	11.838
575.71	11.786
575.91	11.901
576.11	11.477
576.32	11.855
576.52	11.856
576.72	11.873
576.93	11.851
577.13	11.715
577.33	11.641
577.53	11.720
577.74	12.000
577.94	12.018
578.14	12.064
578.35	11.983
578.55	12.235
578.75	12.722
578.95	12.886
579.16	12.714
579.36	12.929
579.56	13.521
579.76	13.645
579.97	13.559
580.17	13.373
580.37	14.094
580.57	14.037
580.78	14.424
580.98	14.412
581.18	14.685
581.38	15.215
581.59	14.853
581.79	15.323
581.99	15.468
582.19	15.099
582.40	15.437
582.60	15.378
582.80	15.702
583.00	15.667
583.21	15.960
583.41	15.839
583.61	15.634
583.81	15.821
584.02	16.208
584.22	15.835
584.42	15.756
584.62	16.026
584.83	15.892
585.03	16.131
585.23	15.665
585.43	15.961
585.63	15.875
585.84	16.082
586.04	15.922
586.24	15.758
586.44	15.548
586.65	15.652
586.85	15.532
587.05	14.847
587.25	14.543
587.45	14.227
587.66	13.624
587.86	13.347
588.06	13.113
588.26	12.572
588.47	12.611
588.67	12.776
588.87	12.595
589.07	12.716
589.27	12.855
589.48	12.744
589.68	13.094
589.88	13.300
590.08	13.266
590.28	13.459
590.49	13.217
590.69	13.554
590.89	13.591
591.09	13.625
591.29	13.165
591.50	13.702
591.70	13.943
591.90	13.875
592.10	13.973
592.30	14.042
592.50	13.997
592.71	13.798
592.91	13.913
593.11	13.758
593.31	13.302
593.51	13.300
593.72	13.306
593.92	13.418
594.12	13.106
594.32	13.359
594.52	13.622
594.72	13.624
594.93	13.555
595.13	13.696
595.33	13.750
595.53	14.022
595.73	13.891
595.93	13.819
596.14	13.719
596.34	13.815
596.54	13.928
596.74	13.824
596.94	13.980
597.14	13.711
597.35	13.728
597.55	13.905
597.75	13.917
597.95	14.131
598.15	14.255
598.35	14.071
598.55	14.052
598.76	14.137
598.96	14.030
599.16	14.325
599.36	14.325
599.56	14.259
599.76	14.108
599.96	14.394
600.17	14.366
600.37	14.468
600.57	14.327
600.77	14.410
600.97	14.414
601.17	14.393
601.37	14.237
601.57	14.530
601.78	14.491
601.98	14.876
602.18	14.622
602.38	14.966
602.58	14.890
602.78	14.770
602.98	15.101
603.18	15.043
603.39	15.416
603.59	15.534
603.79	15.362
603.99	15.435
604.19	15.403
604.39	15.191
604.59	15.266
604.79	15.492
604.99	15.176
605.19	15.444
605.40	15.426
605.60	15.214
605.80	15.555
606.00	15.658
606.20	15.774
606.40	15.615
606.60	15.588
606.80	15.796
607.00	15.861
607.20	15.632
607.41	15.937
607.61	15.896
607.81	15.886
608.01	15.723
608.21	16.172
608.41	16.108
608.61	15.887
608.81	16.035
609.01	15.834
609.21	16.012
609.41	16.107
609.61	16.069
609.81	15.986
610.02	16.231
610.22	16.545
610.42	16.367
610.62	16.473
610.82	16.781
611.02	16.275
611.22	16.343
611.42	16.458
611.62	16.280
611.82	16.472
612.02	16.563
612.22	16.792
612.42	16.392
612.62	16.282
612.82	16.595
613.02	16.768
613.23	16.533
613.43	16.531
613.63	16.702
613.83	16.745
614.03	16.916
614.23	16.880
614.43	16.748
614.63	16.618
614.83	17.194
615.03	16.895
615.23	16.650
615.43	16.672
615.63	16.649
615.83	16.818
616.03	16.675
616.23	16.713
616.43	16.882
616.63	16.888
616.83	17.251
617.03	17.153
617.23	17.159
617.43	17.494
617.63	17.377
617.83	17.415
618.03	17.457
618.23	17.540
618.43	17.177
618.63	17.323
618.83	17.509
619.03	17.782
619.23	17.678
619.43	17.441
619.63	17.710
619.83	17.675
620.03	17.443
620.23	17.594
620.43	17.343
620.63	17.310
620.83	17.769
621.03	17.416
621.23	17.442
621.43	17.319
621.63	16.911
621.83	17.487
622.03	17.032
622.23	17.008
622.43	16.870
622.63	16.967
622.83	17.103
623.03	16.822
623.23	16.750
623.43	16.599
623.63	16.598
623.83	16.665
624.03	16.384
624.23	16.162
624.43	16.504
624.63	16.385
624.83	16.191
625.03	16.172
625.23	16.296
625.43	16.255
625.63	16.202
625.83	15.941
626.03	15.523
626.23	15.639
626.43	15.117
626.63	14.514
626.83	14.050
627.03	14.033
627.23	13.998
627.43	13.543
627.63	13.834
627.83	13.793
628.03	13.850
628.23	13.849
628.43	13.892
628.62	14.103
628.82	14.000
629.02	14.075
629.22	14.136
629.42	14.138
629.62	14.272
629.82	14.666
630.02	14.518
630.22	14.463
630.42	14.594
630.62	14.643
630.82	14.830
631.02	15.057
631.22	14.860
631.42	15.268
631.62	15.467
631.81	15.591
632.01	15.885
632.21	16.088
632.41	16.147
632.61	16.191
632.81	16.083
633.01	16.300
633.21	16.427
633.41	16.952
633.61	17.395
633.81	16.787
634.01	17.196
634.21	17.361
634.40	17.657
634.60	17.643
634.80	18.013
635.00	17.940
635.20	18.327
635.40	18.334
635.60	18.450
635.80	18.316
636.00	18.410
636.20	18.785
636.39	18.904
636.59	19.127
636.79	19.362
636.99	19.531
637.19	19.466
637.39	19.594
637.59	19.692
637.79	20.097
637.99	20.081
638.18	20.411
638.38	20.288
638.58	20.045
638.78	20.446
638.98	20.444
639.18	20.253
639.38	20.478
639.58	20.517
639.78	20.806
639.97	20.626
640.17	20.777
640.37	20.736
640.57	21.080
640.77	21.192
640.97	20.763
641.17	20.856
641.36	21.119
641.56	21.212
641.76	21.202
641.96	21.788
642.16	21.493
642.36	21.344
642.56	21.833
642.75	21.582
642.95	21.341
643.15	22.024
643.35	21.845
643.55	21.677
643.75	21.687
643.95	21.610
644.14	21.519
644.34	21.610
644.54	21.768
644.74	21.140
644.94	21.076
645.14	20.567
645.33	20.545
645.53	20.306
645.73	20.445
645.93	20.005
646.13	19.663
646.33	19.591
646.52	19.366
646.72	19.291
646.92	18.872
647.12	18.770
647.32	19.010
647.52	19.201
647.71	18.871
647.91	18.979
648.11	19.054
648.31	18.959
648.51	18.955
648.70	19.110
648.90	19.494
649.10	19.544
649.30	20.279
649.50	20.541
649.69	20.887
649.89	20.968
650.09	20.743
650.29	20.499
650.49	20.589
650.68	20.267
650.88	20.128
651.08	20.293
651.28	20.384
651.48	20.456
651.67	21.058
651.87	20.854
652.07	21.210
652.27	21.503
652.47	21.452
652.66	21.457
652.86	21.986
653.06	21.316
653.26	21.656
653.46	21.358
653.65	21.367
653.85	21.235
654.05	21.070
654.25	21.087
654.44	20.670
654.64	20.344
654.84	19.923
655.04	19.551
655.24	19.435
655.43	19.058
655.63	18.445
655.83	19.027
656.03	19.179
656.22	19.567
656.42	19.921
656.62	20.162
656.82	20.482
657.01	21.129
657.21	21.486
657.41	21.336
657.61	21.824
657.80	21.592
658.00	22.213
658.20	22.335
658.40	22.626
658.59	22.685
658.79	22.874
658.99	22.876
659.19	23.373
659.38	23.339
659.58	23.839
659.78	24.083
659.98	23.965
660.17	24.278
660.37	24.087
660.57	24.026
660.76	24.378
660.96	24.525
661.16	24.539
661.36	24.612
661.55	24.920
661.75	24.733
661.95	24.788
662.15	24.677
662.34	24.780
662.54	24.497
662.74	24.975
662.93	24.999
663.13	24.777
663.33	24.895
663.53	24.622
663.72	24.916
663.92	25.136
664.12	25.717
664.31	25.228
664.51	25.370
664.71	25.398
664.90	25.370
665.10	25.245
665.30	25.446
665.50	25.169
665.69	25.300
665.89	25.370
666.09	25.674
666.28	25.436
666.48	26.028
666.68	25.406
666.87	25.791
667.07	25.777
667.27	25.725
667.46	26.134
667.66	25.858
667.86	25.654
668.05	26.053
668.25	26.271
668.45	26.018
668.65	26.163
668.84	25.952
669.04	26.136
669.24	26.367
669.43	26.006
669.63	25.807
669.83	26.405
670.02	26.223
670.22	26.039
670.42	26.396
670.61	26.389
670.81	26.079
671.00	26.094
671.20	26.326
671.40	26.649
671.59	25.894
671.79	26.594
671.99	26.341
672.18	26.555
672.38	26.265
672.58	26.195
672.77	26.642
672.97	26.736
673.17	26.292
673.36	26.671
673.56	26.712
673.76	26.376
673.95	26.753
674.15	26.318
674.34	26.766
674.54	26.521
674.74	26.707
674.93	26.399
675.13	26.362
675.33	26.884
675.52	26.995
675.72	26.955
675.91	26.614
676.11	26.785
676.31	26.733
676.50	27.069
676.70	26.393
676.90	26.646
677.09	26.766
677.29	27.119
677.48	26.991
677.68	26.807
677.88	26.542
678.07	27.227
678.27	26.765
678.46	26.899
678.66	26.966
678.86	26.696
679.05	26.814
679.25	26.901
679.44	26.641
679.64	26.861
679.84	26.968
680.03	26.682
680.23	26.641
680.42	26.487
680.62	27.130
680.82	26.690
681.01	26.397
681.21	26.820
681.40	27.068
681.60	27.058
681.80	26.727
681.99	26.337
682.19	26.337
682.38	26.672
682.58	26.353
682.77	26.430
682.97	26.394
683.17	26.281
683.36	26.147
683.56	26.470
683.75	26.139
683.95	26.057
684.14	26.614
684.34	25.974
684.53	26.621
684.73	26.478
684.93	25.615
685.12	25.471
685.32	24.778
685.51	23.712
685.71	22.168
685.90	19.854
686.10	18.338
686.29	16.109
686.49	14.842
686.69	13.590
686.88	12.832
687.08	12.776
687.27	12.749
687.47	12.348
687.66	12.375
687.86	11.976
688.05	11.751
688.25	11.691
688.44	11.485
688.64	11.539
688.83	11.376
689.03	11.766
689.23	12.021
689.42	12.570
689.62	12.934
689.81	13.776
690.01	13.971
690.20	14.557
690.40	14.710
690.59	15.520
690.79	15.939
690.98	16.399
691.18	16.680
691.37	16.973
691.57	17.296
691.76	17.275
691.96	17.506
692.15	17.522
692.35	17.951
692.54	17.597
692.74	17.523
692.93	17.827
693.13	17.404
693.32	17.778
693.52	17.530
693.71	17.613
693.91	17.748
694.10	17.930
694.30	18.216
694.49	18.350
694.69	18.815
694.88	18.654
695.08	19.344
695.27	19.396
695.47	19.843
695.66	20.812
695.86	21.047
696.05	21.266
696.25	22.103
696.44	22.131
696.63	22.549
696.83	22.093
697.02	22.620
697.22	22.543
697.41	22.378
697.61	22.033
697.80	21.849
698.00	21.839
698.19	21.337
698.39	20.945
698.58	20.892
698.78	20.522
698.97	20.185
699.17	20.143
699.36	20.445
699.55	19.793
699.75	19.645
699.94	19.546
700.14	19.428
700.33	19.847
700.53	19.385
700.72	19.415
700.92	19.246
701.11	19.666
701.30	19.346
701.50	19.648
701.69	19.185
701.89	20.001
702.08	20.048
702.28	20.162
702.47	20.737
702.66	21.086
702.86	21.512
703.05	21.484
703.25	21.391
703.44	21.608
703.64	21.659
703.83	21.511
704.02	21.865
704.22	21.519
704.41	21.588
704.61	21.589
704.80	21.290
704.99	21.338
705.19	21.700
705.38	21.726
705.58	21.559
705.77	21.943
705.96	21.611
706.16	22.127
706.35	22.039
706.55	21.862
706.74	22.104
706.93	22.253
707.13	22.666
707.32	22.537
707.52	22.352
707.71	22.455
707.90	22.915
708.10	22.843
708.29	22.749
708.49	22.829
708.68	22.998
708.87	23.237
709.07	22.753
709.26	22.879
709.46	22.765
709.65	22.577
709.84	22.750
710.04	23.197
710.23	22.777
710.42	22.730
710.62	23.282
710.81	23.337
711.00	23.519
711.20	23.281
711.39	23.161
711.59	23.461
711.78	23.492
711.97	23.147
712.17	23.017
712.36	22.853
712.55	23.057
712.75	23.424
712.94	22.779
713.13	23.282
713.33	22.704
713.52	22.467
713.71	22.778
713.91	22.186
714.10	21.847
714.29	21.606
714.49	21.677
714.68	21.183
714.87	20.947
715.07	20.716
715.26	19.975
715.45	19.189
715.65	18.327
715.84	17.895
716.03	16.517
716.23	15.752
716.42	14.609
716.61	13.583
716.81	13.024
717.00	12.801
717.19	12.258
717.39	11.466
717.58	11.150
717.77	11.115
717.97	10.702
718.16	9.727
718.35	10.029
718.55	9.551
718.74	9.197
718.93	8.869
719.13	8.872
719.32	8.863
719.51	8.741
719.70	9.180
719.90	9.354
720.09	9.781
720.28	10.749
720.48	11.322
720.67	12.059
720.86	13.122
721.05	13.768
721.25	14.185
721.44	14.442
721.63	14.782
721.83	14.767
722.02	15.252
722.21	14.492
722.40	14.351
722.60	13.904
722.79	13.382
722.98	12.985
723.18	12.479
723.37	12.333
723.56	12.326
723.75	11.838
723.95	11.806
724.14	11.645
724.33	11.378
724.52	11.369
724.72	11.255
724.91	11.201
725.10	11.091
725.29	10.940
725.49	11.080
725.68	11.332
725.87	11.367
726.07	11.345
726.26	11.162
726.45	11.504
726.64	11.183
726.84	11.092
727.03	11.093
727.22	11.430
727.41	11.441
727.60	11.627
727.80	11.595
727.99	11.768
728.18	11.854
728.37	11.637
728.57	11.647
728.76	11.347
728.95	11.435
729.14	11.642
729.34	11.529
729.53	11.842
729.72	11.889
729.91	11.859
730.10	11.763
730.30	11.578
730.49	11.875
730.68	12.163
730.87	11.898
731.07	12.227
731.26	12.989
731.45	13.323
731.64	14.098
731.83	14.682
732.03	15.163
732.22	15.321
732.41	15.609
732.60	16.317
732.79	16.604
732.99	16.783
733.18	17.822
733.37	17.674
733.56	18.208
733.75	18.156
733.95	18.144
734.14	18.314
734.33	18.517
734.52	18.326
734.71	18.694
734.90	18.198
735.10	17.948
735.29	17.836
735.48	17.656
735.67	17.895
735.86	18.100
736.06	17.963
736.25	18.145
736.44	18.135
736.63	18.445
736.82	18.583
737.01	18.699
737.21	18.723
737.40	18.562
737.59	18.914
737.78	18.525
737.97	19.319
738.16	19.217
738.36	19.211
738.55	19.182
738.74	19.478
738.93	19.446
739.12	19.506
739.31	20.144
739.50	19.880
739.70	19.937
739.89	20.245
740.08	20.460
740.27	20.795
740.46	20.923
740.65	20.625
740.84	20.989
741.04	21.046
741.23	21.163
741.42	21.120
741.61	21.098
741.80	21.195
741.99	21.271
742.18	21.841
742.37	21.796
742.57	21.738
742.76	22.018
742.95	22.298
743.14	22.048
743.33	22.297
743.52	22.108
743.71	22.323
743.90	22.332
744.10	22.685
744.29	22.260
744.48	22.466
744.67	22.206
744.86	22.268
745.05	22.194
745.24	22.589
745.43	22.439
745.62	22.891
745.81	22.279
746.01	22.209
746.20	22.407
746.39	22.678
746.58	22.472
746.77	22.558
746.96	22.690
747.15	22.531
747.34	22.502
747.53	22.784
747.72	22.552
747.91	22.347
748.11	22.200
748.30	22.527
748.49	21.976
748.68	22.229
748.87	22.050
749.06	21.970
749.25	21.973
749.44	22.556
749.63	22.159
749.82	21.858
750.01	21.725
750.20	22.098
750.39	21.772
750.58	21.990
750.78	21.647
750.97	21.724
751.16	21.190
751.35	21.521
751.54	21.754
751.73	21.570
751.92	21.735
752.11	21.622
752.30	21.507
752.49	21.783
752.68	21.781
752.87	21.588
753.06	21.143
753.25	21.836
753.44	21.781
753.63	21.457
753.82	21.718
754.01	21.526
754.20	20.971
754.39	21.097
754.58	21.653
754.77	21.498
754.96	21.329
755.15	21.098
755.34	20.888
755.53	20.756
755.73	20.954
755.92	20.664
756.11	20.848
756.30	21.311
756.49	20.431
756.68	20.562
756.87	20.490
757.06	20.473
757.25	19.999
757.44	20.442
757.63	19.565
757.82	19.655
758.01	19.571
758.20	18.395
758.39	17.105
758.58	15.700
758.77	14.791
758.96	12.633
759.15	10.960
759.34	9.410
759.53	7.702
759.72	6.297
759.91	5.393
760.10	4.389
760.29	3.659
760.47	2.845
760.66	2.417
760.85	2.272
761.04	1.807
761.23	1.749
761.42	1.332
761.61	1.030
761.80	0.951
761.99	0.692
762.18	0.295
762.37	0.419
762.56	0.343
762.75	0.246
762.94	0.121
763.13	0.311
763.32	0.164
763.51	0.298
763.70	0.310
763.89	0.250
764.08	0.665
764.27	0.743
764.46	1.010
764.65	1.324
764.84	1.643
765.03	1.873
765.22	2.479
765.40	2.921
765.59	3.560
765.78	4.362
765.97	4.989
766.16	5.787
766.35	6.437
766.54	7.377
766.73	7.873
766.92	8.703
767.11	9.319
767.30	10.204
767.49	10.977
767.68	11.876
767.87	12.079
768.05	12.947
768.24	13.400
768.43	13.909
768.62	14.266
768.81	14.415
769.00	14.782
769.19	15.659
769.38	16.163
769.57	16.609
769.76	16.692
769.95	16.940
770.14	17.264
770.32	17.278
770.51	17.798
770.70	18.194
770.89	17.781
771.08	17.886
771.27	17.978
771.46	18.124
771.65	18.270
771.84	18.156
772.02	18.435
772.21	18.204
772.40	18.301
772.59	18.022
772.78	18.307
772.97	18.081
773.16	18.646
773.35	19.034
773.54	18.968
773.72	18.620
773.91	18.640
774.10	18.549
774.29	19.061
774.48	18.500
774.67	18.530
774.86	18.584
775.04	18.732
775.23	18.678
775.42	18.836
775.61	18.809
775.80	18.528
775.99	18.758
776.18	18.572
776.36	18.410
776.55	18.319
776.74	19.136
776.93	18.803
777.12	18.525
777.31	18.368
777.50	18.408
777.68	18.482
777.87	18.237
778.06	18.428
778.25	18.333
778.44	18.719
778.63	18.293
778.81	18.135
779.00	18.042
779.19	18.039
779.38	18.133
779.57	17.814
779.76	18.057
779.94	17.941
780.13	17.953
780.32	18.054
780.51	17.913
780.70	17.876
780.88	17.733
781.07	17.868
781.26	17.610
781.45	18.437
781.64	17.859
781.82	18.063
782.01	17.815
782.20	17.728
782.39	17.896
782.58	17.809
782.77	17.425
782.95	17.861
783.14	17.932
783.33	17.771
783.52	17.655
783.70	17.263
783.89	17.279
784.08	17.272
784.27	17.316
784.46	17.044
784.64	17.069
784.83	16.719
785.02	16.807
785.21	16.664
785.40	16.319
785.58	16.542
785.77	16.268
785.96	15.834
786.15	16.260
786.33	15.893
786.52	15.786
786.71	15.876
786.90	15.732
787.08	15.287
787.27	15.469
787.46	14.805
787.65	14.966
787.83	14.726
788.02	14.222
788.21	14.630
788.40	14.039
788.58	14.007
788.77	14.028
788.96	13.612
789.15	13.421
789.33	13.261
789.52	13.471
789.71	13.236
789.90	13.416
790.08	13.121
790.27	13.518
790.46	13.309
790.65	12.939
790.83	13.054
791.02	13.161
791.21	13.135
791.40	13.293
791.58	13.245
791.77	13.306
791.96	13.159
792.14	13.146
792.33	13.238
792.52	13.216
792.71	12.825
792.89	13.896
793.08	13.156
793.27	13.969
793.45	13.823
793.64	14.203
793.83	14.070
794.02	14.530
794.20	14.023
794.39	14.185
794.58	13.705
794.76	13.983
794.95	14.057
795.14	13.555
795.32	12.930
795.51	12.964
795.70	12.770
795.89	12.901
796.07	12.558
796.26	12.114
796.45	12.495
796.63	12.382
796.82	12.293
797.01	12.421
797.19	12.779
797.38	12.888
797.57	12.636
797.75	12.423
797.94	12.765
798.13	12.889
798.31	12.667
798.50	12.518
798.69	12.584
798.87	12.458
799.06	12.308
799.25	12.150
799.43	12.228
799.62	12.035
799.81	12.046
799.99	11.728
800.18	11.945
800.37	11.762
800.55	11.863
800.74	11.332
800.93	11.467
801.11	11.697
801.30	11.653
801.48	11.237
801.67	11.175
801.86	11.121
802.04	10.934
802.23	10.858
802.42	10.923
802.60	10.853
802.79	10.992
802.98	11.426
803.16	11.137
803.35	11.039
803.53	11.057
803.72	11.129
803.91	11.002
804.09	10.999
804.28	11.312
804.47	11.258
804.65	11.371
804.84	11.684
805.02	12.088
805.21	11.904
805.40	12.278
805.58	12.252
805.77	12.056
805.95	12.183
806.14	12.128
806.33	12.240
806.51	12.249
806.70	12.490
806.88	11.806
807.07	12.187
807.26	12.547
807.44	12.000
807.63	11.892
807.81	11.833
808.00	11.591
808.19	11.649
808.37	11.433
808.56	11.565
808.74	11.560
808.93	11.207
809.11	10.881
809.30	10.817
809.49	10.648
809.67	10.632
809.86	10.373
810.04	10.054
810.23	10.111
810.41	9.947
810.60	9.914
810.79	9.738
810.97	9.494
811.16	9.562
811.34	9.227
811.53	9.257
811.71	8.976
811.90	8.469
812.08	8.324
812.27	8.452
812.46	8.017
812.64	7.838
812.83	7.674
813.01	7.318
813.20	7.013
813.38	6.820
813.57	6.536
813.75	6.228
813.94	6.286
814.12	5.914
814.31	5.613
814.49	5.499
814.68	5.267
814.86	5.304
815.05	4.936
815.24	4.908
815.42	4.592
815.61	5.032
815.79	4.513
815.98	4.205
816.16	4.045
816.35	4.139
816.53	4.159
816.72	4.210
816.90	3.878
817.09	4.368
817.27	4.302
817.46	4.113
817.64	4.177
817.83	3.973
818.01	4.267
818.20	4.141
818.38	4.257
818.57	4.071
818.75	4.403
818.94	4.329
819.12	4.274
819.31	4.366
819.49	4.520
819.68	5.098
819.86	5.235
820.05	5.387
820.23	5.915
820.42	6.209
820.60	6.171
820.78	6.548
820.97	6.652
821.15	6.164
821.34	6.585
821.52	6.339
821.71	6.290
821.89	5.910
822.08	5.353
822.26	5.055
822.45	4.880
822.63	4.416
822.82	3.928
823.00	3.835
823.18	4.022
823.37	3.957
823.55	4.533
823.74	4.824
823.92	4.749
824.11	5.280
824.29	5.481
824.48	6.014
824.66	6.059
824.84	6.198
825.03	6.131
825.21	6.346
825.40	6.394
825.58	6.366
825.77	6.415
825.95	6.372
826.14	6.249
826.32	6.607
826.50	6.469
826.69	6.462
826.87	6.314
827.06	6.251
827.24	5.817
827.42	5.352
827.61	5.549
827.79	5.693
827.98	5.252
828.16	5.288
828.35	5.499
828.53	5.356
828.71	5.430
828.90	5.754
829.08	5.424
829.27	5.487
829.45	5.421
829.63	5.749
829.82	5.395
830.00	5.868
830.18	5.657
830.37	5.960
830.55	5.572
830.74	5.910
830.92	5.923
831.10	5.587
831.29	6.158
831.47	5.799
831.66	5.890
831.84	6.081
832.02	5.670
832.21	6.378
832.39	6.248
832.57	6.092
832.76	6.069
832.94	6.048
833.13	6.218
833.31	6.202
833.49	6.160
833.68	6.095
833.86	6.325
834.04	6.674
834.23	6.973
834.41	6.648
834.59	6.716
834.78	7.085
834.96	6.905
835.14	7.364
835.33	7.497
835.51	7.174
835.69	7.240
835.88	7.180
836.06	7.584
836.24	7.650
836.43	7.741
836.61	7.611
836.79	7.656
836.98	7.594
837.16	7.329
837.34	7.917
837.53	7.153
837.71	7.721
837.89	7.928
838.08	7.683
838.26	7.864
838.44	7.854
838.63	8.027
838.81	8.259
838.99	7.853
839.18	8.251
839.36	8.393
839.54	8.299
839.73	8.261
839.91	8.546
840.09	8.252
840.28	8.312
840.46	8.338
840.64	8.372
840.82	8.517
841.01	8.423
841.19	8.391
841.37	8.261
841.56	8.686
841.74	8.449
841.92	8.563
842.10	8.523
842.29	8.378
842.47	8.407
842.65	8.718
842.84	8.615
843.02	8.868
843.20	8.501
843.38	8.618
843.57	8.532
843.75	8.672
843.93	8.630
844.11	8.602
844.30	8.674
844.48	8.831
844.66	8.918
844.84	8.866
845.03	9.086
845.21	9.036
845.39	9.015
845.58	8.926
845.76	9.249
845.94	9.064
846.12	8.777
846.31	9.029
846.49	9.176
846.67	9.063
846.85	9.214
847.03	9.118
847.22	9.113
847.40	9.261
847.58	9.123
847.76	8.845
847.95	9.204
848.13	9.026
848.31	9.277
848.49	9.327
848.68	9.002
848.86	9.141
849.04	8.755
849.22	8.655
849.40	8.674
849.59	8.481
849.77	8.239
849.95	8.117
850.13	8.265
850.32	8.117
850.50	8.358
850.68	8.261
850.86	8.272
851.04	8.094
851.23	7.854
851.41	7.957
851.59	8.089
851.77	8.372
851.95	8.167
852.14	8.009
852.32	8.031
852.50	8.701
852.68	8.130
852.86	8.645
853.04	8.163
853.23	7.831
853.41	7.897
853.59	7.438
853.77	7.407
853.95	7.442
854.14	7.101
854.32	7.134
854.50	7.194
854.68	7.306
854.86	7.330
855.04	7.283
855.23	7.598
855.41	7.533
855.59	7.641
855.77	7.476
855.95	7.631
856.13	8.053
856.31	8.105
856.50	8.272
856.68	8.245
856.86	8.312
857.04	8.033
857.22	8.274
857.40	8.429
857.59	8.077
857.77	8.419
857.95	8.596
858.13	8.306
858.31	8.511
858.49	8.208
858.67	8.572
858.85	8.487
859.04	8.780
859.22	8.145
859.40	8.007
859.58	8.356
859.76	8.255
859.94	8.340
860.12	8.426
860.30	8.262
860.49	8.291
860.67	8.665
860.85	8.376
861.03	8.709
861.21	8.404
861.39	8.600
861.57	8.249
861.75	8.566
861.93	8.443
862.12	8.227
862.30	8.362
862.48	8.216
862.66	8.607
862.84	8.393
863.02	8.247
863.20	7.952
863.38	8.314
863.56	8.615
863.74	8.254
863.92	8.616
864.11	8.307
864.29	8.663
864.47	8.084
864.65	8.289
864.83	8.321
865.01	8.485
865.19	8.253
865.37	8.003
865.55	7.475
865.73	7.191
865.91	7.328
866.09	7.382
866.27	7.143
866.45	7.197
866.64	7.262
866.82	7.302
867.00	7.323
867.18	7.263
867.36	7.557
867.54	7.486
867.72	7.667
867.90	7.922
868.08	7.348
868.26	7.723
868.44	7.539
868.62	8.009
868.80	8.254
868.98	7.610
869.16	7.707
869.34	7.552
869.52	7.843
869.70	7.790
869.88	7.885
870.06	7.832
870.24	7.430
870.42	7.514
870.60	7.733
870.78	7.935
870.96	7.358
871.14	7.471
871.32	7.633
871.50	7.827
871.68	7.393
871.86	7.960
872.04	7.904
872.22	7.486
872.40	7.471
872.58	7.782
872.76	7.556
872.94	7.660
873.12	7.833
873.30	7.472
873.48	7.669
873.66	7.383
873.84	7.317
874.02	7.218
874.20	7.557
874.38	7.035
874.56	7.404
874.74	7.429
874.92	7.366
875.10	7.491
875.28	6.917
875.46	7.326
875.64	6.978
875.82	7.347
876.00	7.277
876.18	7.328
876.36	7.332
876.54	7.132
876.72	7.232
876.90	6.968
877.08	7.380
877.26	7.260
877.44	6.980
877.62	6.959
877.80	6.678
877.98	7.270
878.16	7.231
878.34	7.277
878.52	7.063
878.70	6.872
878.88	6.827
879.05	6.762
879.23	6.994
879.41	6.708
879.59	6.825
879.77	7.020
879.95	6.902
880.13	6.387
880.31	6.751
880.49	6.502
880.67	6.545
880.85	6.395
881.03	6.494
881.21	6.594
881.39	6.383
881.56	6.418
881.74	6.750
881.92	6.638
882.10	6.171
882.28	6.384
882.46	6.678
882.64	6.233
882.82	6.420
883.00	6.274
883.18	6.462
883.36	6.877
883.53	6.301
883.71	6.231
883.89	6.076
884.07	6.205
884.25	6.570
884.43	6.764
884.61	6.680
884.79	6.554
884.97	6.404
885.14	6.334
885.32	6.103
885.50	6.212
885.68	6.109
885.86	6.375
886.04	5.919
886.22	5.882
886.40	5.939
886.57	5.860
886.75	5.932
886.93	5.833
887.11	6.220
887.29	6.333
887.47	5.835
887.65	5.971
887.82	5.859
888.00	6.040
888.18	5.854
888.36	5.835
888.54	5.915
888.72	5.799
888.90	6.004
889.07	5.476
889.25	5.833
889.43	5.889
889.61	5.792
889.79	6.063
889.97	5.956
890.14	5.572
890.32	6.053
890.50	5.847
890.68	5.591
890.86	5.498
891.04	5.502
891.21	5.703
891.39	5.707
891.57	5.602
891.75	5.639
891.93	5.712
892.10	5.344
892.28	4.697
892.46	4.973
892.64	4.942
892.82	4.708
893.00	4.700
893.17	4.393
893.35	4.571
893.53	4.524
893.71	4.326
893.89	4.067
894.06	3.838
894.24	3.917
894.42	3.520
894.60	3.732
894.78	3.339
894.95	3.352
895.13	2.814
895.31	3.101
895.49	2.849
895.66	2.704
895.84	2.489
896.02	2.473
896.20	2.266
896.38	2.181
896.55	1.971
896.73	1.865
896.91	1.703
897.09	1.915
897.26	1.455
897.44	1.602
897.62	1.666
897.80	1.424
897.97	1.338
898.15	1.573
898.33	1.550
898.51	1.512
898.68	1.353
898.86	1.363
899.04	1.046
899.22	1.040
899.39	1.058
899.57	0.900
899.75	1.214
899.93	1.108
900.10	1.372
900.28	1.004
900.46	0.935
900.64	0.930
900.81	0.842
900.99	0.710
901.17	0.917
901.34	0.788
901.52	0.808
901.70	0.546
901.88	0.639
902.05	0.770
902.23	0.892
902.41	0.568
902.58	1.048
902.76	0.906
902.94	0.856
903.12	1.054
903.29	1.404
903.47	1.466
903.65	1.820
903.82	1.821
904.00	1.996
904.18	2.154
904.36	2.175
904.53	2.260
904.71	2.101
904.89	2.342
905.06	2.142
905.24	2.169
905.42	2.071
905.59	2.225
905.77	2.376
905.95	2.142
906.12	2.197
906.30	1.752
906.48	1.717
906.65	1.652
906.83	1.354
907.01	1.128
907.18	1.110
907.36	0.956
907.54	0.919
907.71	0.912
907.89	0.910
908.07	0.949
908.24	0.660
908.42	0.788
908.60	0.858
908.77	0.651
908.95	0.649
909.13	0.536
909.30	0.423
909.48	0.528
909.66	0.802
909.83	0.691
910.01	0.559
910.18	0.463
910.36	0.532
910.54	0.914
910.71	0.623
910.89	0.664
911.07	0.574
911.24	0.924
911.42	0.685
911.59	0.832
911.77	1.084
911.95	1.059
912.12	0.995
912.30	0.963
912.48	0.928
912.65	0.776
912.83	0.600
913.00	0.786
913.18	0.426
913.36	0.388
913.53	0.438
913.71	0.176
913.88	0.284
914.06	0.395
914.24	0.389
914.41	0.371
914.59	0.346
914.76	0.426
914.94	0.373
915.12	0.392
915.29	0.298
915.47	0.195
915.64	0.168
915.82	0.060
915.99	0.134
916.17	0.269
916.35	0.147
916.52	0.493
916.70	0.291
916.87	0.369
917.05	0.283
917.22	0.314
917.40	0.132
917.58	0.321
917.75	-0.013
917.93	0.168
918.10	0.193
918.28	0.101
918.45	0.527
918.63	0.572
918.80	0.759
918.98	0.517
919.16	0.543
919.33	0.843
919.51	1.065
919.68	1.077
919.86	0.784
920.03	0.999
920.21	1.198
920.38	1.570
920.56	1.242
920.73	1.320
920.91	1.220
921.08	1.120
921.26	1.153
921.44	1.193
921.61	0.961
921.79	0.921
921.96	1.009
922.14	1.248
922.31	1.013
922.49	0.909
922.66	1.266
922.84	1.227
923.01	0.973
923.19	1.036
923.36	0.871
923.54	0.891
923.71	0.819
923.89	0.742
924.06	0.309
924.24	0.798
924.41	0.860
924.59	0.603
924.76	0.685
924.94	0.567
925.11	0.331
925.29	0.703
925.46	0.574
925.64	0.711
925.81	0.761
925.98	0.542
926.16	0.587
926.33	0.376
926.51	0.589
926.68	0.702
926.86	0.815
927.03	0.809
927.21	0.753
927.38	0.317
927.56	0.518
927.73	0.161
927.91	0.105
928.08	0.055
928.26	-0.196
928.43	-0.045
928.60	-0.289
928.78	-0.202
928.95	-0.469
929.13	-0.487
929.30	-0.329
929.48	-0.636
929.65	-0.655
929.83	-1.112
930.00	-0.741
930.17	-0.707
930.35	-1.327
930.52	-1.241
930.70	-0.947
930.87	-0.856
931.05	-1.021
931.22	-0.978
931.39	-1.138
931.57	-1.089
931.74	-1.230
931.92	-1.267
932.09	-0.996
932.26	-1.423
932.44	-1.340
932.61	-1.375
932.79	-1.700
932.96	-1.121
933.13	-1.358
933.31	-1.471
933.48	-1.675
933.66	-1.512
933.83	-1.301
934.00	-1.418
934.18	-1.215
934.35	-1.274
934.53	-1.484
934.70	-1.621
934.87	-1.530
935.05	-1.607
935.22	-1.674
935.40	-1.493
935.57	-1.687
935.74	-1.354
935.92	-1.476
936.09	-1.506
936.26	-1.324
936.44	-1.357
936.61	-1.404
936.79	-1.398
936.96	-1.486
937.13	-1.915
937.31	-1.479
937.48	-1.782
937.65	-1.451
937.83	-1.675
938.00	-1.500
938.17	-1.739
938.35	-1.654
938.52	-1.174
938.69	-1.655
938.87	-1.511
939.04	-1.181
939.21	-1.520
939.39	-1.146
939.56	-1.545
939.73	-1.311
939.91	-1.383
940.08	-1.601
940.25	-1.501
940.43	-1.668
940.60	-1.730
940.77	-1.683
940.95	-1.856
941.12	-1.418
941.29	-1.629
941.47	-1.710
941.64	-1.908
941.81	-2.053
941.99	-1.645
942.16	-1.595
942.33	-1.571
942.51	-1.738
942.68	-1.546
942.85	-1.670
943.02	-1.746
943.20	-1.554
943.37	-1.485
943.54	-1.672
943.72	-1.756
943.89	-1.766
944.06	-1.552
944.23	-1.767
944.41	-1.557
944.58	-1.914
944.75	-1.513
944.93	-1.905
945.10	-1.922
945.27	-1.561
945.44	-1.740
945.62	-1.903
945.79	-2.281
945.96	-1.669
946.14	-1.670
946.31	-1.712
946.48	-1.921
946.65	-1.846
946.83	-1.810
947.00	-1.393
947.17	-1.630
947.34	-1.603
947.52	-1.822
947.69	-1.739
947.86	-2.219
948.03	-1.842
948.21	-1.688
948.38	-1.998
948.55	-1.912
948.72	-2.007
948.90	-2.055
949.07	-1.556
949.24	-1.852
949.41	-1.913
949.58	-1.609
949.76	-2.062
949.93	-2.142
950.10	-1.910
950.27	-2.034
950.45	-2.074
950.62	-1.744
950.79	-1.584
950.96	-1.580
951.13	-1.978
951.31	-1.917
951.48	-1.791
951.65	-1.910
951.82	-1.790
952.00	-2.245
952.17	-1.813
952.34	-2.037
952.51	-1.791
952.68	-1.814
952.86	-2.184
953.03	-1.964
953.20	-2.007
953.37	-1.797
953.54	-2.023
953.71	-1.728
953.89	-1.645
954.06	-1.692
954.23	-1.971
954.40	-1.992
954.57	-1.907
954.75	-1.880
954.92	-2.103
955.09	-2.044
955.26	-1.744
955.43	-1.862
955.60	-2.020
955.78	-1.948
955.95	-2.321
956.12	-1.947
956.29	-1.745
956.46	-2.149
956.63	-2.280
956.81	-1.935
956.98	-2.048
957.15	-1.853
957.32	-1.873
957.49	-1.791
957.66	-1.958
957.83	-1.597
958.01	-1.573
958.18	-1.670
958.35	-2.134
958.52	-1.870
958.69	-2.132
958.86	-1.567
959.03	-1.912
959.20	-1.746
959.38	-1.854
959.55	-2.340
959.72	-2.129
959.89	-1.592
960.06	-2.084
960.23	-1.772
960.40	-1.595
960.57	-1.880
960.75	-2.051
960.92	-1.947
961.09	-1.664
961.26	-1.453
961.43	-1.715
961.60	-1.913
961.77	-1.945
961.94	-1.835
962.11	-1.920
962.28	-1.775
962.46	-2.081
962.63	-2.236
962.80	-2.139
962.97	-1.628
963.14	-1.993
963.31	-2.539
963.48	-1.677
963.65	-1.844
963.82	-1.703
963.99	-1.823
964.16	-1.875
964.33	-2.019
964.50	-1.905
964.68	-2.274
964.85	-2.197
965.02	-1.985
965.19	-1.970
965.36	-1.885
965.53	-2.042
965.70	-2.706
965.87	-1.774
966.04	-1.978
966.21	-2.276
966.38	-1.757
966.55	-2.155
966.72	-2.014
966.89	-2.053
967.06	-1.874
967.23	-2.092
967.40	-1.363
967.57	-1.519
967.74	-1.477
967.91	-1.419
968.09	-1.460
968.26	-1.000
968.43	-1.648
968.60	-1.363
968.77	-1.332
968.94	-1.635
969.11	-1.725
969.28	-1.058
969.45	-1.553
969.62	-1.469
969.79	-1.550
969.96	-1.016
970.13	-1.154
970.30	-1.064
970.47	-1.229
970.64	-1.449
970.81	-1.587
970.98	-0.911
971.15	-1.672
971.32	-1.385
971.49	-1.288
971.66	-1.096
971.83	-1.611
972.00	-1.212
972.17	-2.098
972.34	-0.887
972.51	-1.603
972.68	-1.537
972.85	-1.822
973.02	-1.755
973.19	-1.859
973.36	-2.327
973.53	-1.728
973.70	-1.481
973.86	-1.644
974.03	-1.695
974.20	-2.366
974.37	-2.107
974.54	-2.204
974.71	-1.955
974.88	-1.834
975.05	-1.704
975.22	-1.615
975.39	-2.109
975.56	-2.519
975.73	-1.862
975.90	-2.565
976.07	-1.915
976.24	-1.946
976.41	-1.776
976.58	-2.513
976.75	-2.227
976.92	-1.925
977.08	-2.014
977.25	-2.100
977.42	-1.542
977.59	-1.452
977.76	-2.053
977.93	-2.290
978.10	-2.564
978.27	-2.768
978.44	-2.594
978.61	-2.002
978.78	-2.601
978.95	-2.029
979.12	-2.054
979.28	-2.092
979.45	-1.864
979.62	-1.877
979.79	-2.788
979.96	-2.217
980.13	-2.356
980.30	-1.709
980.47	-2.431
980.64	-2.047
980.81	-1.726
980.97	-2.390
981.14	-2.057
981.31	-1.996
981.48	-1.456
981.65	-1.829
981.82	-1.729
981.99	-1.737
982.16	-1.024
982.32	-2.104
982.49	-2.856
982.66	-2.394
982.83	-1.620
983.00	-2.289
983.17	-1.865
983.34	-1.334
983.51	-2.478
983.67	-1.588
983.84	-1.472
984.01	-2.071
984.18	-1.997
984.35	-2.544
984.52	-2.944
984.68	-1.460
984.85	-1.564
985.02	-1.913
985.19	-2.206
985.36	-2.286
985.53	-2.030
985.70	-1.639
985.86	-1.186
986.03	-1.386
986.20	-1.664
986.37	-1.944
986.54	-0.718
986.71	-1.929
986.87	-1.598
987.04	-1.281
987.21	-1.981
987.38	-1.525
987.55	-2.284
987.71	-1.368
987.88	-1.292
988.05	-1.869
988.22	-1.320
988.39	-1.651
988.55	-0.862
988.72	-1.857
988.89	-1.049
989.06	-1.288
989.23	-1.466
989.39	-0.791
989.56	-1.538
989.73	-1.821
989.90	-1.621
990.07	-1.020
990.23	-1.791
990.40	-1.958
990.57	-1.119
990.74	-1.567
990.90	-1.590
991.07	-1.318
991.24	-1.481
991.41	-1.847
991.58	-2.059
991.74	-0.757
991.91	-2.407
992.08	-2.077
992.25	-2.872
992.41	-1.384
992.58	-2.100
992.75	-1.807
992.92	-1.077
993.08	-1.981
993.25	-2.096
993.42	-1.580
993.59	-2.602
993.75	-2.159
993.92	-1.983
994.09	-2.412
994.26	-0.687
994.42	-1.742
994.59	-2.072
994.76	-1.957
994.93	-1.626
995.09	-2.129
995.26	-3.178
995.43	-2.646
995.59	-2.801
995.76	-1.768
995.93	-1.674
996.10	-3.416
996.26	-1.725
996.43	-1.881
996.60	-1.622
996.76	-2.855
996.93	-2.431
997.10	-2.291
997.27	-2.303
997.43	-1.844
997.60	-2.876
997.77	-1.953
997.93	-2.237
998.10	-2.226
998.27	-1.881
998.43	-3.471
998.60	-2.944
998.77	-3.055
998.94	-3.162
999.10	-3.330
999.27	-1.824
999.44	-2.152
999.60	-2.631
999.77	-2.614
999.94	-3.077
1000.10	-1.391
1000.27	-2.826
1000.44	-3.232
1000.60	-1.960
1000.77	-2.270
1000.94	-2.913
1001.10	-3.575
1001.27	-2.682
1001.44	-1.926
1001.60	-3.227
1001.77	-1.859
1001.94	-2.125
1002.10	-3.245
1002.27	-3.391
1002.44	-3.556
1002.60	-3.910
1002.77	-2.703
1002.93	-2.376
1003.10	-3.699
1003.27	-2.999
1003.43	-3.495
1003.60	-4.517
1003.77	-3.557
1003.93	-2.822
1004.10	-3.161
1004.26	-3.072
1004.43	-3.554
1004.60	-3.549
1004.76	-3.568
1004.93	-2.175
1005.10	-4.578
1005.26	-2.566
1005.43	-4.358
1005.59	-3.639
1005.76	-3.546
1005.93	-4.221
1006.09	-3.632
1006.26	-3.304
1006.42	-4.287
1006.59	-4.318
1006.76	-3.909
1006.92	-4.038
1007.09	-3.075
1007.25	-4.019
1007.42	-2.047
1007.59	-4.774
1007.75	-4.036
1007.92	-5.834
1008.08	-3.947
1008.25	-3.061
1008.41	-4.671
1008.58	-3.998
1008.75	-4.488
1008.91	-5.031
1009.08	-3.119
1009.24	-4.574
1009.41	-3.799
1009.57	-4.464
1009.74	-5.129
1009.91	-4.663
1010.07	-5.826
1010.24	-4.189
1010.40	-5.127
1010.57	-4.276
1010.73	-3.912
1010.90	-4.202
1011.06	-4.109
1011.23	-4.909
1011.39	-4.838
1011.56	-3.756
1011.73	-4.599
1011.89	-6.229
1012.06	-5.914
1012.22	-5.804
1012.39	-4.876
1012.55	-4.418
1012.72	-6.041
1012.88	-6.641
1013.05	-5.795
1013.21	-4.443
1013.38	-6.164
1013.54	-5.628
1013.71	-4.564
1013.87	-5.542
1014.04	-4.137
1014.20	-5.245
1014.37	-6.651
1014.53	-4.881
1014.70	-5.246
1014.86	-5.865
1015.03	-5.615
1015.19	-4.634
1015.36	-5.214
1015.52	-6.358
1015.69	-6.722
1015.85	-6.792
1016.02	-6.038
1016.18	-6.780
1016.35	-7.186
1016.51	-7.224
1016.68	-6.841
1016.84	-6.711
1017.01	-5.715
1017.17	-7.556
1017.34	-7.096
1017.50	-5.765
1017.67	-7.816
1017.83	-4.780
1018.00	-6.383
1018.16	-5.951
1018.32	-6.199
1018.49	-7.733
1018.65	-5.275
1018.82	-6.567
1018.98	-7.006
1019.15	-7.430
1019.31	-5.311
1019.48	-6.712
1019.64	-6.872
1019.81	-7.376
1019.97	-7.459
1020.13	-8.386
1020.30	-7.686
1020.46	-7.569
1020.63	-8.492
1020.79	-5.790
1020.96	-7.642
1021.12	-8.852
1021.28	-8.874
1021.45	-9.103
1021.61	-6.877
1021.78	-8.148
1021.94	-7.290
1022.10	-8.315
1022.27	-5.949
1022.43	-7.591
1022.60	-6.504
1022.76	-6.924
1022.93	-6.917
1023.09	-9.583
1023.25	-8.742
1023.42	-8.780
1023.58	-7.311
1023.75	-8.223
1023.91	-7.903
1024.07	-6.914
1024.24	-8.513
1024.40	-6.962
1024.56	-11.357
1024.73	-9.266
1024.89	-10.053
1025.06	-10.403
1025.22	-9.313
1025.38	-8.719
1025.55	-9.582
1025.71	-7.855
1025.87	-8.335
1026.04	-10.737
1026.20	-7.610
1026.37	-10.615
1026.53	-11.237
1026.69	-8.558
1026.86	-8.513
1027.02	-8.169
1027.18	-11.017
1027.35	-10.588
1027.51	-9.559
1027.67	-9.796
1027.84	-12.218
1028.00	-8.940
1028.16	-9.505
1028.33	-12.685
1028.49	-8.405
1028.65	-8.716
1028.82	-9.788
1028.98	-12.373
1029.14	-10.460
1029.31	-11.049
1029.47	-8.760
1029.63	-13.829
1029.80	-10.470
1029.96	-9.724
1030.12	-10.296
1030.29	-10.898
1030.45	-10.477
1030.61	-12.217
1030.78	-10.825
1030.94	-12.652
1031.10	-14.045
1031.27	-10.981
1031.43	-14.978
1031.59	-12.633
1031.75	-15.557
1031.92	-11.015
1032.08	-10.811
1032.24	-12.066
1032.41	-10.991
1032.57	-8.937
1032.73	-13.423
1032.90	-12.675
1033.06	-11.823
1033.22	-10.752
1033.38	-11.168
1033.55	-13.941
1033.71	-8.966
1033.87	-12.520
1034.03	-14.428
1034.20	-13.750
1034.36	-12.513
1034.52	-14.668
1034.69	-14.813
1034.85	-13.899
1035.01	-12.466
1035.17	-16.306
1035.34	-14.839
1035.50	-14.028
1035.66	-15.053
1035.82	-10.741
1035.99	-15.507
1036.15	-13.302
1036.31	-14.689
1036.47	-11.416
1036.64	-17.354
1036.80	-14.466
1036.96	-14.778
1037.12	-16.936
1037.28	-14.950
1037.45	-17.714
1037.61	-14.611
1037.77	-15.132
1037.93	-22.077
1038.10	-12.948
1038.26	-14.766
1038.42	-17.250
1038.58	-16.646
1038.74	-17.328
1038.91	-14.670
1039.07	-15.497
1039.23	-15.795
1039.39	-18.068
1039.55	-19.120
1039.72	-15.384
1039.88	-15.959
1040.04	-13.843
1040.20	-19.154
1040.36	-14.114
1040.53	-18.571
1040.69	-16.698
1040.85	-20.191
1041.01	-15.691
1041.17	-17.372
1041.34	-16.805
1041.50	-24.131
1041.66	-20.053
1041.82	-18.382
1041.98	-14.438
1042.14	-21.773
1042.31	-13.978
1042.47	-18.666
1042.63	-26.071
1042.79	-20.456
1042.95	-17.133
1043.11	-22.491
1043.28	-14.044
1043.44	-21.142
1043.60	-19.141
1043.76	-16.999
1043.92	-21.386
