345.80	14.835
346.01	14.926
346.23	15.017
346.44	5.581
346.66	12.253
346.87	107.098
347.09	705.536
347.30	311.714
347.52	-22.908
347.73	-32.349
347.95	-137.246
348.16	-23.489
348.38	-32.933
348.59	51.799
348.81	-41.973
349.02	-71.983
349.24	-61.184
349.45	-44.184
349.67	38.006
349.88	25.258
350.10	18.431
350.31	162.444
350.53	43.046
350.74	21.490
350.96	49.117
351.17	16.602
351.38	157.234
351.60	112.694
351.81	29.163
352.03	-105.412
352.24	37.689
352.46	45.771
352.67	28.015
352.89	25.774
353.10	45.916
353.32	25.435
353.53	576.298
353.75	34.994
353.96	18.925
354.17	36.659
354.39	62.534
354.60	23.892
354.82	42.730
355.03	138.221
355.25	37.135
355.46	61.548
355.68	40.177
355.89	28.352
356.11	20.015
356.32	63.528
356.53	162.609
356.75	541.179
356.96	89.320
357.18	45.048
357.39	29.730
357.61	145.833
357.82	20.339
358.04	15.745
358.25	26.565
358.46	87.477
358.68	31.276
358.89	20.561
359.11	127.282
359.32	20.880
359.54	97.927
359.75	31.561
359.96	33.318
360.18	80.523
360.39	13.478
360.61	26.320
360.82	33.634
361.04	51.058
361.25	51.583
361.46	75.545
361.68	36.607
361.89	24.506
362.11	39.138
362.32	114.688
362.54	38.657
362.75	23.537
362.96	25.386
363.18	24.567
363.39	29.268
363.61	35.744
363.82	1151.124
364.03	45.899
364.25	24.966
364.46	15.520
364.68	45.921
364.89	74.779
365.10	31.751
365.32	26.078
365.53	53.646
365.75	52.385
365.96	44.718
366.17	34.363
366.39	25.779
366.60	30.744
366.82	41.738
367.03	41.602
367.24	23.591
367.46	29.386
367.67	30.886
367.89	48.922
368.10	208.565
368.31	47.985
368.53	67.628
368.74	43.912
368.96	34.452
369.17	63.287
369.38	18.591
369.60	63.127
369.81	123.208
370.03	41.401
370.24	33.642
370.45	51.980
370.67	28.264
370.88	34.415
371.09	162.203
371.31	55.593
371.52	28.444
371.74	50.481
371.95	29.865
372.16	23.172
372.38	19.708
372.59	24.429
372.81	23.188
373.02	36.562
373.23	63.742
373.45	52.466
373.66	24.998
373.87	28.188
374.09	40.735
374.30	60.352
374.51	23.756
374.73	25.865
374.94	36.888
375.16	24.485
375.37	67.117
375.58	41.771
375.80	57.897
376.01	28.949
376.22	72.250
376.44	34.762
376.65	25.565
376.86	33.260
377.08	27.261
377.29	20.217
377.50	42.927
377.72	72.692
377.93	115.484
378.15	33.959
378.36	24.583
378.57	28.377
378.79	22.145
379.00	25.975
379.21	30.228
379.43	26.428
379.64	23.147
379.85	37.766
380.07	27.802
380.28	18.033
380.49	21.909
380.71	22.026
380.92	17.357
381.13	36.033
381.35	22.357
381.56	28.997
381.77	47.957
381.99	18.355
382.20	29.155
382.41	24.154
382.63	31.387
382.84	29.944
383.05	33.514
383.27	29.910
383.48	33.358
383.69	20.360
383.91	23.117
384.12	24.031
384.33	23.648
384.55	32.049
384.76	27.118
384.97	30.789
385.18	22.059
385.40	50.798
385.61	30.745
385.82	29.034
386.04	29.066
386.25	31.604
386.46	26.303
386.68	22.197
386.89	23.529
387.10	28.379
387.32	19.899
387.53	30.456
387.74	21.329
387.95	17.287
388.17	26.465
388.38	27.860
388.59	29.507
388.81	31.485
389.02	21.887
389.23	33.626
389.45	24.616
389.66	17.725
389.87	22.541
390.08	19.658
390.30	34.054
390.51	17.627
390.72	29.776
390.94	24.409
391.15	28.226
391.36	20.713
391.57	27.714
391.79	23.421
392.00	21.888
392.21	19.656
392.43	25.111
392.64	46.983
392.85	25.495
393.06	24.520
393.28	18.868
393.49	23.871
393.70	20.501
393.92	30.893
394.13	18.077
394.34	25.515
394.55	31.320
394.77	20.068
394.98	15.868
395.19	40.470
395.40	21.240
395.62	29.350
395.83	34.170
396.04	18.676
396.26	38.337
396.47	20.173
396.68	22.634
396.89	26.505
397.11	33.099
397.32	20.897
397.53	27.348
397.74	33.044
397.96	18.631
398.17	20.380
398.38	16.020
398.59	17.599
398.81	34.635
399.02	19.596
399.23	22.831
399.44	24.620
399.66	23.221
399.87	25.368
400.08	24.480
400.29	29.513
400.51	27.033
400.72	20.010
400.93	21.385
401.14	30.730
401.36	28.870
401.57	25.654
401.78	26.079
401.99	25.731
402.21	31.575
402.42	27.283
402.63	18.908
402.84	24.759
403.05	27.825
403.27	20.481
403.48	19.946
403.69	21.922
403.90	26.181
404.12	34.535
404.33	22.931
404.54	32.441
404.75	18.621
404.96	16.683
405.18	25.318
405.39	25.233
405.60	34.216
405.81	18.185
406.03	17.129
406.24	23.071
406.45	21.699
406.66	25.508
406.87	18.642
407.09	24.792
407.30	20.899
407.51	28.935
407.72	18.899
407.93	22.409
408.15	22.675
408.36	13.831
408.57	25.831
408.78	23.409
409.00	23.651
409.21	19.513
409.42	16.970
409.63	23.663
409.84	24.342
410.06	28.000
410.27	15.245
410.48	21.717
410.69	24.737
410.90	21.502
411.12	18.382
411.33	32.066
411.54	20.533
411.75	18.701
411.96	16.877
412.17	27.460
412.39	25.650
412.60	19.614
412.81	19.433
413.02	24.302
413.23	17.571
413.45	16.797
413.66	21.908
413.87	19.719
414.08	21.004
414.29	23.394
414.50	21.039
414.72	21.248
414.93	18.838
415.14	21.483
415.35	16.803
415.56	30.020
415.77	27.493
415.99	35.659
416.20	22.087
416.41	24.328
416.62	25.044
416.83	18.025
417.04	24.545
417.26	28.672
417.47	29.000
417.68	23.909
417.89	21.030
418.10	18.390
418.31	20.811
418.53	26.224
418.74	17.214
418.95	20.537
419.16	24.107
419.37	20.622
419.58	23.266
419.80	27.579
420.01	25.961
420.22	17.644
420.43	22.683
420.64	20.682
420.85	18.930
421.06	24.016
421.28	20.254
421.49	22.225
421.70	22.345
421.91	22.170
422.12	18.203
422.33	21.490
422.54	15.631
422.76	19.073
422.97	21.768
423.18	27.826
423.39	21.706
423.60	20.597
423.81	18.881
424.02	18.817
424.23	20.497
424.45	20.182
424.66	18.659
424.87	15.046
425.08	26.629
425.29	20.167
425.50	18.661
425.71	27.725
425.92	23.968
426.14	15.848
426.35	17.865
426.56	17.237
426.77	19.102
426.98	25.677
427.19	26.095
427.40	20.504
427.61	23.207
427.82	16.989
428.04	20.479
428.25	20.520
428.46	17.982
428.67	16.192
428.88	18.446
429.09	18.490
429.30	21.073
429.51	21.486
429.72	21.103
429.94	15.350
430.15	18.973
430.36	15.106
430.57	17.065
430.78	23.163
430.99	17.808
431.20	26.008
431.41	18.415
431.62	18.222
431.83	21.793
432.05	22.969
432.26	21.806
432.47	18.874
432.68	20.978
432.89	20.248
433.10	20.281
433.31	17.554
433.52	19.991
433.73	19.120
433.94	23.266
434.15	17.025
434.36	21.291
434.58	19.513
434.79	14.414
435.00	18.606
435.21	19.581
435.42	25.411
435.63	16.741
435.84	21.594
436.05	20.694
436.26	23.103
436.47	17.793
436.68	23.178
436.89	22.334
437.10	19.162
437.31	26.794
437.52	19.128
437.74	23.299
437.95	21.855
438.16	19.941
438.37	20.068
438.58	21.103
438.79	17.560
439.00	20.609
439.21	24.457
439.42	18.267
439.63	17.710
439.84	19.525
440.05	23.796
440.26	20.224
440.47	23.990
440.68	20.811
440.89	20.249
441.10	23.967
441.31	19.856
441.52	21.940
441.74	24.645
441.95	17.406
442.16	18.399
442.37	18.349
442.58	22.055
442.79	22.405
443.00	19.998
443.21	21.581
443.42	21.979
443.63	19.927
443.84	18.182
444.05	23.167
444.26	21.681
444.47	22.710
444.68	19.317
444.89	20.906
445.10	21.982
445.31	24.897
445.52	20.849
445.73	19.943
445.94	25.107
446.15	24.198
446.36	20.346
446.57	19.825
446.78	21.786
446.99	25.849
447.20	16.477
447.41	20.094
447.62	21.951
447.83	23.366
448.04	21.785
448.25	18.466
448.46	22.106
448.67	24.712
448.88	23.177
449.09	23.043
449.30	25.266
449.51	24.094
449.72	22.182
449.93	25.920
450.14	22.877
450.35	26.501
450.56	21.526
450.77	20.987
450.98	21.231
451.19	21.674
451.40	21.637
451.61	22.643
451.82	22.650
452.03	25.781
452.24	21.998
452.45	22.784
452.66	23.797
452.87	22.737
453.08	25.764
453.29	22.076
453.50	23.372
453.71	21.291
453.92	26.695
454.13	20.263
454.34	25.331
454.55	25.264
454.76	25.982
454.97	22.707
455.18	24.227
455.39	26.323
455.60	22.771
455.81	22.886
456.02	23.293
456.23	24.401
456.44	25.115
456.65	23.762
456.86	22.596
457.07	25.515
457.28	25.957
457.49	24.432
457.70	22.184
457.90	22.056
458.11	26.193
458.32	22.434
458.53	23.074
458.74	23.727
458.95	24.560
459.16	22.479
459.37	23.908
459.58	27.533
459.79	24.709
460.00	21.827
460.21	27.953
460.42	26.495
460.63	22.169
460.84	22.699
461.05	31.725
461.26	25.520
461.47	21.632
461.68	22.950
461.88	24.845
462.09	24.913
462.30	26.635
462.51	24.205
462.72	24.420
462.93	28.905
463.14	23.102
463.35	24.475
463.56	26.477
463.77	24.037
463.98	25.109
464.19	21.713
464.40	22.869
464.61	25.344
464.81	24.307
465.02	23.807
465.23	23.186
465.44	23.604
465.65	23.149
465.86	24.165
466.07	22.515
466.28	25.455
466.49	25.060
466.70	25.790
466.91	23.512
467.12	24.220
467.32	23.239
467.53	25.467
467.74	26.983
467.95	22.770
468.16	23.104
468.37	22.536
468.58	22.897
468.79	25.583
469.00	22.792
469.21	22.567
469.42	24.448
469.62	23.899
469.83	26.273
470.04	23.528
470.25	22.612
470.46	23.770
470.67	25.097
470.88	25.003
471.09	24.511
471.30	27.461
471.50	24.237
471.71	26.043
471.92	25.730
472.13	24.089
472.34	22.699
472.55	22.666
472.76	25.665
472.97	24.746
473.17	22.947
473.38	22.985
473.59	24.433
473.80	25.947
474.01	25.107
474.22	25.119
474.43	25.701
474.64	25.104
474.84	22.742
475.05	24.508
475.26	24.215
475.47	22.818
475.68	22.555
475.89	22.554
476.10	26.900
476.31	24.933
476.51	22.712
476.72	23.923
476.93	24.410
477.14	23.648
477.35	22.911
477.56	24.707
477.77	24.534
477.97	23.526
478.18	23.509
478.39	22.307
478.60	24.457
478.81	22.965
479.02	23.752
479.22	24.016
479.43	24.815
479.64	24.639
479.85	24.123
480.06	23.307
480.27	26.419
480.48	25.199
480.68	25.435
480.89	22.980
481.10	26.267
481.31	24.787
481.52	24.542
481.73	23.946
481.93	26.956
482.14	24.952
482.35	24.660
482.56	25.290
482.77	25.076
482.98	24.956
483.18	24.662
483.39	24.212
483.60	24.402
483.81	25.884
484.02	25.141
484.22	23.808
484.43	25.452
484.64	23.809
484.85	35.048
485.06	23.918
485.27	23.493
485.47	24.243
485.68	22.291
485.89	22.144
486.10	23.235
486.31	22.950
486.51	24.746
486.72	25.971
486.93	25.614
487.14	25.321
487.35	25.682
487.55	24.230
487.76	25.818
487.97	25.574
488.18	25.656
488.39	25.596
488.59	25.877
488.80	26.403
489.01	26.195
489.22	26.407
489.43	27.298
489.63	29.830
489.84	27.634
490.05	27.487
490.26	27.043
490.46	27.355
490.67	26.060
490.88	26.201
491.09	26.633
491.30	26.382
491.50	24.768
491.71	27.221
491.92	26.273
492.13	25.790
492.33	26.401
492.54	26.333
492.75	27.232
492.96	27.157
493.17	26.851
493.37	26.088
493.58	26.788
493.79	29.089
494.00	27.402
494.20	27.202
494.41	26.494
494.62	27.278
494.83	26.191
495.03	26.733
495.24	26.818
495.45	27.537
495.66	27.355
495.86	26.874
496.07	27.533
496.28	27.490
496.49	27.123
496.70	27.318
496.90	27.216
497.11	26.569
497.32	26.073
497.52	27.109
497.73	26.614
497.94	27.277
498.15	26.146
498.35	25.841
498.56	26.713
498.77	26.022
498.98	26.358
499.18	25.434
499.39	25.519
499.60	26.907
499.81	25.179
500.01	24.425
500.22	26.826
500.43	24.727
500.64	24.608
500.84	23.987
501.05	24.593
501.26	25.249
501.46	25.844
501.67	23.009
501.88	24.060
502.09	23.771
502.29	24.665
502.50	23.461
502.71	23.721
502.91	24.739
503.12	23.299
503.33	23.912
503.54	22.913
503.74	23.201
503.95	22.347
504.16	23.287
504.36	23.856
504.57	25.556
504.78	24.104
504.99	23.688
505.19	25.136
505.40	24.988
505.61	25.322
505.81	23.905
506.02	24.455
506.23	25.745
506.44	24.172
506.64	24.585
506.85	24.601
507.06	24.781
507.26	24.625
507.47	24.739
507.68	25.056
507.88	25.058
508.09	24.698
508.30	25.646
508.50	25.687
508.71	26.111
508.92	26.692
509.12	26.008
509.33	26.614
509.54	26.584
509.74	26.184
509.95	26.294
510.16	27.555
510.37	26.912
510.57	27.491
510.78	26.414
510.99	27.763
511.19	27.538
511.40	27.555
511.61	27.253
511.81	27.440
512.02	28.234
512.23	28.207
512.43	26.977
512.64	27.104
512.85	26.681
513.05	26.080
513.26	27.398
513.47	26.981
513.67	26.960
513.88	26.438
514.08	26.635
514.29	26.554
514.50	27.554
514.70	27.305
514.91	27.257
515.12	28.088
515.32	26.753
515.53	26.201
515.74	25.986
515.94	24.564
516.15	26.043
516.36	24.556
516.56	23.982
516.77	25.039
516.97	25.144
517.18	24.585
517.39	25.965
517.59	25.798
517.80	26.319
518.01	25.006
518.21	26.757
518.42	25.965
518.63	25.743
518.83	27.013
519.04	27.082
519.24	27.306
519.45	27.451
519.66	27.070
519.86	28.298
520.07	28.369
520.28	27.495
520.48	31.979
520.69	28.211
520.89	28.415
521.10	28.034
521.31	28.503
521.51	28.026
521.72	27.499
521.92	26.943
522.13	26.471
522.34	26.935
522.54	27.134
522.75	27.120
522.95	26.819
523.16	26.929
523.37	27.202
523.57	26.691
523.78	27.414
523.98	26.234
524.19	28.216
524.40	28.242
524.60	26.569
524.81	26.602
525.01	26.672
525.22	27.124
525.43	24.935
525.63	25.413
525.84	24.714
526.04	24.473
526.25	23.436
526.46	25.053
526.66	24.529
526.87	24.586
527.07	24.058
527.28	25.110
527.48	24.878
527.69	25.979
527.90	25.541
528.10	26.043
528.31	25.203
528.51	26.159
528.72	25.578
528.92	26.660
529.13	25.384
529.34	26.141
529.54	25.554
529.75	30.755
529.95	25.376
530.16	25.749
530.36	25.976
530.57	25.583
530.78	26.068
530.98	25.145
531.19	25.235
531.39	24.847
531.60	24.334
531.80	24.894
532.01	25.192
532.21	24.656
532.42	25.209
532.62	24.418
532.83	24.358
533.04	24.206
533.24	24.820
533.45	25.590
533.65	25.649
533.86	25.937
534.06	26.102
534.27	26.488
534.47	26.233
534.68	26.208
534.88	26.341
535.09	27.418
535.30	26.254
535.50	27.222
535.71	26.682
535.91	27.213
536.12	27.334
536.32	26.169
536.53	27.564
536.73	27.562
536.94	26.682
537.14	27.927
537.35	26.620
537.55	26.959
537.76	27.052
537.96	27.680
538.17	27.687
538.37	26.976
538.58	26.045
538.78	26.369
538.99	25.804
539.19	25.762
539.40	25.604
539.60	25.968
539.81	26.586
540.01	27.035
540.22	25.480
540.42	25.825
540.63	26.673
540.83	27.194
541.04	25.322
541.24	25.414
541.45	26.063
541.65	26.762
541.86	26.300
542.06	26.508
542.27	27.510
542.47	25.733
542.68	27.011
542.88	26.593
543.09	25.912
543.29	27.227
543.50	25.856
543.70	28.056
543.91	25.917
544.11	26.543
544.32	26.042
544.52	26.369
544.73	26.376
544.93	25.867
545.14	25.810
545.34	25.814
545.55	26.667
545.75	26.310
545.96	26.456
546.16	26.209
546.36	27.166
546.57	26.790
546.77	25.540
546.98	25.922
547.18	26.826
547.39	25.549
547.59	26.664
547.80	26.691
548.00	26.294
548.21	26.930
548.41	25.999
548.61	27.066
548.82	26.437
549.02	27.034
549.23	27.329
549.43	27.184
549.64	27.442
549.84	26.858
550.05	27.357
550.25	26.238
550.46	27.021
550.66	27.563
550.86	26.957
551.07	26.986
551.27	27.249
551.48	27.374
551.68	26.629
551.89	27.025
552.09	26.211
552.29	26.565
552.50	26.972
552.70	27.222
552.91	27.230
553.11	27.238
553.32	28.554
553.52	27.300
553.72	27.975
553.93	27.410
554.13	28.108
554.34	27.672
554.54	26.723
554.75	28.134
554.95	28.051
555.15	26.440
555.36	26.709
555.56	27.456
555.77	26.743
555.97	28.113
556.17	27.459
556.38	26.662
556.58	25.858
556.79	27.484
556.99	25.893
557.19	26.525
557.40	25.842
557.60	25.622
557.81	25.684
558.01	26.971
558.21	25.346
558.42	26.151
558.62	25.359
558.83	24.965
559.03	24.799
559.23	24.560
559.44	25.263
559.64	24.578
559.85	24.935
560.05	25.227
560.25	24.870
560.46	25.068
560.66	26.207
560.86	25.104
561.07	24.060
561.27	24.596
561.48	23.642
561.68	23.921
561.88	23.460
562.09	24.415
562.29	23.211
562.49	25.033
562.70	23.995
562.90	23.752
563.11	24.141
563.31	23.803
563.51	23.903
563.72	24.439
563.92	23.141
564.12	23.757
564.33	23.237
564.53	22.936
564.73	22.281
564.94	22.746
565.14	22.801
565.35	22.671
565.55	23.191
565.75	22.234
565.96	22.208
566.16	22.591
566.36	21.861
566.57	23.746
566.77	22.201
566.97	22.687
567.18	20.874
567.38	20.974
567.58	21.398
567.79	20.869
567.99	20.177
568.19	20.879
568.40	20.209
568.60	19.703
568.80	19.967
569.01	19.416
569.21	20.552
569.41	19.729
569.62	19.533
569.82	19.397
570.02	18.929
570.23	19.392
570.43	18.828
570.63	18.718
570.84	18.919
571.04	19.186
571.24	18.906
571.45	18.766
571.65	18.547
571.85	19.754
572.05	18.054
572.26	18.135
572.46	18.856
572.66	18.578
572.87	18.349
573.07	18.351
573.27	18.028
573.48	18.787
573.68	17.019
573.88	17.418
574.09	17.834
574.29	17.790
574.49	17.574
574.69	16.818
574.90	17.874
575.10	17.981
575.30	16.759
575.51	16.712
575.71	17.742
575.91	18.682
576.11	17.330
576.32	17.289
576.52	17.743
576.72	18.499
576.93	18.132
577.13	18.607
577.33	18.222
577.53	18.099
577.74	17.688
577.94	18.767
578.14	17.949
578.35	18.117
578.55	18.516
578.75	19.478
578.95	19.608
579.16	19.597
579.36	19.588
579.56	20.153
579.76	21.246
579.97	21.091
580.17	21.650
580.37	21.746
580.57	22.372
580.78	23.299
580.98	22.259
581.18	23.953
581.38	23.736
581.59	25.189
581.79	25.158
581.99	24.215
582.19	25.098
582.40	25.874
582.60	25.340
582.80	25.825
583.00	25.983
583.21	27.496
583.41	26.350
583.61	26.355
583.81	26.900
584.02	27.249
584.22	26.597
584.42	26.287
584.62	26.330
584.83	26.025
585.03	26.366
585.23	26.502
585.43	27.218
585.63	27.118
585.84	26.816
586.04	26.860
586.24	26.689
586.44	26.808
586.65	26.006
586.85	26.680
587.05	25.860
587.25	24.755
587.45	25.250
587.66	23.076
587.86	24.637
588.06	22.134
588.26	22.009
588.47	21.857
588.67	20.970
588.87	20.480
589.07	21.399
589.27	21.408
589.48	23.155
589.68	22.184
589.88	21.835
590.08	21.425
590.28	22.086
590.49	22.351
590.69	21.856
590.89	22.554
591.09	22.378
591.29	23.300
591.50	22.194
591.70	23.317
591.90	23.723
592.10	22.913
592.30	23.254
592.50	24.225
592.71	24.023
592.91	23.084
593.11	23.182
593.31	23.020
593.51	22.730
593.72	22.488
593.92	22.481
594.12	22.036
594.32	22.766
594.52	22.677
594.72	22.357
594.93	23.333
595.13	22.697
595.33	23.832
595.53	23.830
595.73	23.266
595.93	24.060
596.14	23.874
596.34	23.187
596.54	24.012
596.74	24.463
596.94	25.361
597.14	23.117
597.35	24.604
597.55	23.828
597.75	23.475
597.95	23.926
598.15	24.602
598.35	24.457
598.55	24.117
598.76	24.303
598.96	24.850
599.16	24.626
599.36	24.948
599.56	25.561
599.76	24.757
599.96	24.791
600.17	25.438
600.37	25.950
600.57	24.701
600.77	25.782
600.97	26.046
601.17	24.914
601.37	26.349
601.57	26.957
601.78	25.923
601.98	25.222
602.18	25.873
602.38	26.104
602.58	26.714
602.78	27.294
602.98	26.933
603.18	27.743
603.39	26.985
603.59	26.422
603.79	27.542
603.99	27.388
604.19	27.515
604.39	27.130
604.59	26.980
604.79	27.361
604.99	28.930
605.19	27.852
605.40	28.643
605.60	27.343
605.80	28.775
606.00	27.281
606.20	29.011
606.40	27.230
606.60	28.305
606.80	28.617
607.00	29.258
607.20	28.603
607.41	29.206
607.61	29.128
607.81	29.268
608.01	28.696
608.21	28.989
608.41	29.183
608.61	28.919
608.81	29.984
609.01	29.643
609.21	29.119
609.41	29.684
609.61	30.737
609.81	30.364
610.02	30.990
610.22	30.639
610.42	30.888
610.62	30.079
610.82	30.634
611.02	30.944
611.22	31.120
611.42	31.032
611.62	30.684
611.82	31.919
612.02	31.278
612.22	31.091
612.42	31.022
612.62	31.414
612.82	31.770
613.02	32.569
613.23	31.521
613.43	31.230
613.63	32.761
613.83	31.344
614.03	32.893
614.23	32.540
614.43	31.212
614.63	32.748
614.83	32.489
615.03	33.559
615.23	32.969
615.43	32.040
615.63	32.554
615.83	32.789
616.03	32.334
616.23	32.847
616.43	33.805
616.63	32.926
616.83	33.209
617.03	37.444
617.23	33.770
617.43	34.072
617.63	33.825
617.83	36.215
618.03	33.965
618.23	36.269
618.43	34.165
618.63	35.358
618.83	34.584
619.03	35.052
619.23	35.747
619.43	34.763
619.63	34.960
619.83	34.724
620.03	34.439
620.23	35.269
620.43	34.805
620.63	35.401
620.83	34.666
621.03	35.449
621.23	34.856
621.43	34.637
621.63	34.390
621.83	34.471
622.03	35.077
622.23	34.783
622.43	33.808
622.63	34.042
622.83	33.628
623.03	33.342
623.23	34.339
623.43	32.716
623.63	32.960
623.83	32.713
624.03	33.587
624.23	32.839
624.43	32.725
624.63	32.366
624.83	32.436
625.03	32.750
625.23	32.539
625.43	33.065
625.63	31.988
625.83	32.133
626.03	31.618
626.23	31.595
626.43	32.552
626.63	29.668
626.83	28.111
627.03	28.296
627.23	27.792
627.43	27.815
627.63	26.470
627.83	27.239
628.03	27.232
628.23	26.987
628.43	27.931
628.62	27.759
628.82	27.677
629.02	28.866
629.22	28.635
629.42	28.670
629.62	28.433
629.82	28.979
630.02	29.432
630.22	29.670
630.42	30.192
630.62	29.916
630.82	30.090
631.02	29.573
631.22	30.710
631.42	31.566
631.62	31.300
631.81	32.193
632.01	32.355
632.21	33.173
632.41	32.779
632.61	33.976
632.81	34.284
633.01	34.715
633.21	34.312
633.41	34.618
633.61	35.770
633.81	36.172
634.01	36.423
634.21	36.890
634.40	38.844
634.60	37.838
634.80	38.913
635.00	38.049
635.20	38.725
635.40	39.144
635.60	39.979
635.80	39.840
636.00	41.417
636.20	40.918
636.39	41.554
636.59	42.032
636.79	43.347
636.99	42.858
637.19	43.240
637.39	44.240
637.59	43.923
637.79	45.437
637.99	44.070
638.18	44.560
638.38	45.045
638.58	45.293
638.78	46.457
638.98	45.866
639.18	47.429
639.38	45.757
639.58	46.393
639.78	46.845
639.97	47.081
640.17	47.013
640.37	46.595
640.57	47.715
640.77	48.359
640.97	48.189
641.17	49.058
641.36	48.939
641.56	49.909
641.76	49.089
641.96	50.133
642.16	50.594
642.36	50.571
642.56	50.241
642.75	50.818
642.95	50.651
643.15	51.675
643.35	51.436
643.55	51.513
643.75	51.819
643.95	51.956
644.14	51.375
644.34	51.483
644.54	50.954
644.74	51.875
644.94	49.984
645.14	50.081
645.33	50.765
645.53	48.695
645.73	48.441
645.93	47.977
646.13	47.020
646.33	48.043
646.52	46.666
646.72	46.363
646.92	45.632
647.12	43.815
647.32	44.864
647.52	44.055
647.71	45.153
647.91	45.276
648.11	45.109
648.31	45.231
648.51	45.391
648.70	46.185
648.90	46.115
649.10	46.956
649.30	47.876
649.50	48.441
649.69	49.897
649.89	49.777
650.09	50.226
650.29	52.144
650.49	50.248
650.68	49.392
650.88	48.735
651.08	49.514
651.28	50.064
651.48	48.995
651.67	51.581
651.87	51.211
652.07	52.531
652.27	53.691
652.47	52.573
652.66	51.907
652.86	54.088
653.06	54.067
653.26	53.888
653.46	54.564
653.65	53.404
653.85	53.437
654.05	53.659
654.25	53.806
654.44	52.241
654.64	52.360
654.84	51.062
655.04	50.079
655.24	50.149
655.43	48.407
655.63	48.258
655.83	48.428
656.03	48.376
656.22	48.530
656.42	49.847
656.62	51.642
656.82	51.267
657.01	53.050
657.21	53.073
657.41	54.701
657.61	55.196
657.80	55.936
658.00	55.995
658.20	57.183
658.40	58.056
658.59	57.610
658.79	59.193
658.99	61.464
659.19	59.839
659.38	60.297
659.58	60.997
659.78	62.051
659.98	60.822
660.17	61.611
660.37	62.014
660.57	61.523
660.76	63.194
660.96	63.553
661.16	63.920
661.36	63.570
661.55	65.656
661.75	64.510
661.95	63.465
662.15	65.983
662.34	63.934
662.54	65.821
662.74	64.662
662.93	65.185
663.13	65.230
663.33	66.759
663.53	64.439
663.72	65.360
663.92	65.964
664.12	65.830
664.31	66.107
664.51	67.196
664.71	66.986
664.90	67.057
665.10	67.510
665.30	67.411
665.50	67.871
665.69	67.076
665.89	67.643
666.09	68.234
666.28	68.820
666.48	69.357
666.68	67.505
666.87	68.237
667.07	70.799
667.27	69.148
667.46	69.753
667.66	69.345
667.86	69.082
668.05	70.010
668.25	70.260
668.45	70.527
668.65	70.533
668.84	71.238
669.04	71.297
669.24	71.544
669.43	71.326
669.63	70.862
669.83	70.905
670.02	71.819
670.22	71.748
670.42	72.552
670.61	70.815
670.81	72.163
671.00	72.424
671.20	71.353
671.40	71.481
671.59	72.241
671.79	72.312
671.99	72.226
672.18	72.314
672.38	74.361
672.58	73.606
672.77	74.057
672.97	73.606
673.17	73.492
673.36	73.398
673.56	74.182
673.76	73.435
673.95	75.157
674.15	73.849
674.34	74.295
674.54	73.044
674.74	74.598
674.93	74.110
675.13	73.746
675.33	75.049
675.52	75.331
675.72	74.398
675.91	75.174
676.11	74.239
676.31	75.518
676.50	75.196
676.70	74.465
676.90	75.347
677.09	76.093
677.29	75.214
677.48	76.198
677.68	75.156
677.88	74.608
678.07	75.680
678.27	76.388
678.46	76.175
678.66	75.913
678.86	76.052
679.05	76.378
679.25	77.078
679.44	76.245
679.64	75.854
679.84	75.792
680.03	76.013
680.23	76.204
680.42	76.185
680.62	75.998
680.82	75.769
681.01	75.550
681.21	76.289
681.40	76.058
681.60	76.248
681.80	76.719
681.99	76.521
682.19	76.658
682.38	76.117
682.58	76.513
682.77	76.212
682.97	75.798
683.17	75.982
683.36	74.956
683.56	76.291
683.75	75.452
683.95	75.195
684.14	76.299
684.34	75.954
684.53	76.135
684.73	76.226
684.93	74.449
685.12	75.257
685.32	73.645
685.51	71.290
685.71	67.610
685.90	62.747
686.10	58.540
686.29	51.449
686.49	47.274
686.69	43.420
686.88	38.698
687.08	37.334
687.27	36.630
687.47	35.638
687.66	35.438
687.86	34.965
688.05	33.743
688.25	32.355
688.44	32.501
688.64	31.538
688.83	31.468
689.03	33.587
689.23	33.328
689.42	35.476
689.62	36.395
689.81	36.542
690.01	38.079
690.20	39.703
690.40	43.069
690.59	43.510
690.79	44.420
690.98	47.081
691.18	48.441
691.37	48.729
691.57	49.822
691.76	50.501
691.96	52.182
692.15	51.698
692.35	51.192
692.54	51.462
692.74	51.823
692.93	51.349
693.13	51.269
693.32	51.791
693.52	51.272
693.71	51.728
693.91	51.879
694.10	53.511
694.30	53.961
694.49	54.817
694.69	54.397
694.88	55.527
695.08	56.968
695.27	57.914
695.47	59.385
695.66	59.776
695.86	62.318
696.05	63.690
696.25	65.986
696.44	66.346
696.63	67.628
696.83	68.848
697.02	70.193
697.22	68.153
697.41	68.822
697.61	67.362
697.80	67.451
698.00	78.144
698.19	65.838
698.39	65.194
698.58	62.553
698.78	63.875
698.97	62.457
699.17	62.257
699.36	60.384
699.55	60.420
699.75	59.902
699.94	58.580
700.14	58.303
700.33	58.682
700.53	59.291
700.72	59.223
700.92	58.988
701.11	59.400
701.30	59.062
701.50	58.705
701.69	58.573
701.89	61.014
702.08	61.039
702.28	61.539
702.47	62.969
702.66	64.735
702.86	66.160
703.05	66.243
703.25	67.364
703.44	66.736
703.64	67.516
703.83	67.135
704.02	66.754
704.22	67.283
704.41	68.247
704.61	67.388
704.80	66.890
704.99	67.919
705.19	67.428
705.38	66.833
705.58	66.554
705.77	67.304
705.96	68.572
706.16	68.624
706.35	68.398
706.55	69.005
706.74	69.090
706.93	69.509
707.13	68.681
707.32	69.974
707.52	71.703
707.71	70.671
707.90	71.684
708.10	72.622
708.29	71.260
708.49	70.675
708.68	72.579
708.87	72.616
709.07	72.422
709.26	72.731
709.46	72.162
709.65	72.557
709.84	73.609
710.04	72.670
710.23	72.706
710.42	73.063
710.62	73.003
710.81	73.486
711.00	75.108
711.20	73.614
711.39	74.646
711.59	75.782
711.78	75.410
711.97	74.198
712.17	74.203
712.36	75.033
712.55	73.382
712.75	74.672
712.94	74.183
713.13	73.498
713.33	73.484
713.52	72.720
713.71	72.186
713.91	71.741
714.10	70.085
714.29	70.094
714.49	69.726
714.68	68.708
714.87	68.194
715.07	68.300
715.26	65.082
715.45	63.533
715.65	60.577
715.84	59.393
716.03	55.982
716.23	51.734
716.42	48.325
716.61	45.059
716.81	42.753
717.00	40.832
717.19	38.493
717.39	36.653
717.58	36.553
717.77	35.825
717.97	33.277
718.16	32.851
718.35	30.699
718.55	30.715
718.74	29.426
718.93	29.147
719.13	28.117
719.32	26.985
719.51	26.592
719.70	29.199
719.90	30.750
720.09	30.987
720.28	32.545
720.48	34.629
720.67	37.766
720.86	40.984
721.05	43.977
721.25	45.775
721.44	47.218
721.63	48.379
721.83	48.495
722.02	49.889
722.21	49.497
722.40	48.513
722.60	46.994
722.79	44.592
722.98	42.697
723.18	41.162
723.37	41.560
723.56	39.203
723.75	39.548
723.95	39.569
724.14	36.695
724.33	37.658
724.52	36.395
724.72	35.637
724.91	37.769
725.10	35.743
725.29	36.523
725.49	35.953
725.68	36.118
725.87	36.527
726.07	36.557
726.26	36.786
726.45	36.848
726.64	37.024
726.84	36.577
727.03	36.419
727.22	35.580
727.41	37.971
727.60	38.474
727.80	38.063
727.99	39.100
728.18	39.443
728.37	39.144
728.57	38.503
728.76	38.079
728.95	39.849
729.14	39.186
729.34	39.087
729.53	38.779
729.72	38.655
729.91	38.821
730.10	38.691
730.30	37.877
730.49	38.072
730.68	38.839
730.87	39.211
731.07	40.425
731.26	42.034
731.45	44.081
731.64	45.637
731.83	47.918
732.03	50.686
732.22	50.907
732.41	55.448
732.60	55.500
732.79	56.036
732.99	57.529
733.18	59.479
733.37	59.676
733.56	61.763
733.75	61.606
733.95	62.214
734.14	61.821
734.33	63.308
734.52	63.632
734.71	62.805
734.90	62.142
735.10	62.402
735.29	63.058
735.48	61.078
735.67	61.040
735.86	60.405
736.06	61.507
736.25	62.107
736.44	60.625
736.63	61.944
736.82	62.891
737.01	63.845
737.21	62.647
737.40	65.772
737.59	65.832
737.78	65.585
737.97	64.302
738.16	66.188
738.36	65.388
738.55	66.668
738.74	68.234
738.93	66.249
739.12	67.905
739.31	68.422
739.50	68.027
739.70	69.894
739.89	70.003
740.08	70.236
740.27	71.488
740.46	72.202
740.65	72.448
740.84	72.440
741.04	73.802
741.23	73.752
741.42	73.703
741.61	73.006
741.80	75.633
741.99	74.657
742.18	75.386
742.37	74.660
742.57	76.467
742.76	75.787
742.95	78.517
743.14	77.099
743.33	78.132
743.52	78.462
743.71	79.229
743.90	78.426
744.10	78.466
744.29	77.932
744.48	79.583
744.67	78.971
744.86	78.363
745.05	79.382
745.24	77.899
745.43	78.609
745.62	79.533
745.81	79.204
746.01	80.295
746.20	78.585
746.39	79.901
746.58	78.413
746.77	79.833
746.96	80.140
747.15	79.703
747.34	78.684
747.53	79.540
747.72	79.727
747.91	79.536
748.11	77.860
748.30	80.603
748.49	80.594
748.68	78.736
748.87	79.050
749.06	78.085
749.25	77.806
749.44	79.057
749.63	77.956
749.82	79.947
750.01	78.085
750.20	77.762
750.39	77.213
750.58	76.658
750.78	77.737
750.97	77.035
751.16	76.484
751.35	76.122
751.54	78.424
751.73	76.243
751.92	76.432
752.11	75.871
752.30	77.738
752.49	76.790
752.68	76.701
752.87	77.677
753.06	77.161
753.25	77.164
753.44	75.988
753.63	77.782
753.82	76.766
754.01	76.310
754.20	76.504
754.39	76.898
754.58	78.266
754.77	76.270
754.96	76.331
755.15	75.365
755.34	76.297
755.53	76.133
755.73	74.700
755.92	74.196
756.11	74.309
756.30	73.815
756.49	73.605
756.68	73.744
756.87	74.247
757.06	73.668
757.25	73.157
757.44	71.638
757.63	71.760
757.82	70.887
758.01	70.057
758.20	67.801
758.39	67.230
758.58	61.198
758.77	56.079
758.96	52.234
759.15	45.105
759.34	38.975
759.53	34.776
759.72	31.074
759.91	24.787
760.10	21.893
760.29	19.303
760.47	16.007
760.66	13.608
760.85	11.788
761.04	9.852
761.23	9.961
761.42	8.153
761.61	7.987
761.80	6.630
761.99	6.313
762.18	6.018
762.37	6.884
762.56	6.252
762.75	5.757
762.94	5.849
763.13	4.631
763.32	4.683
763.51	5.723
763.70	5.052
763.89	4.420
764.08	5.225
764.27	6.609
764.46	8.470
764.65	6.226
764.84	7.970
765.03	8.605
765.22	10.072
765.40	13.480
765.59	14.078
765.78	16.592
765.97	17.797
766.16	20.632
766.35	22.975
766.54	25.490
766.73	29.677
766.92	32.133
767.11	33.316
767.30	37.549
767.49	39.854
767.68	43.634
767.87	44.935
768.05	47.202
768.24	48.062
768.43	50.201
768.62	52.947
768.81	54.709
769.00	56.173
769.19	56.840
769.38	58.984
769.57	60.423
769.76	61.918
769.95	62.374
770.14	63.614
770.32	64.717
770.51	65.225
770.70	65.052
770.89	66.911
771.08	65.908
771.27	66.025
771.46	66.278
771.65	67.280
771.84	66.927
772.02	69.218
772.21	67.030
772.40	68.256
772.59	68.529
772.78	68.917
772.97	68.569
773.16	69.357
773.35	69.637
773.54	68.697
773.72	69.168
773.91	68.665
774.10	68.838
774.29	68.860
774.48	69.656
774.67	69.371
774.86	68.503
775.04	70.025
775.23	69.501
775.42	70.129
775.61	70.765
775.80	69.248
775.99	70.589
776.18	70.452
776.36	70.668
776.55	68.974
776.74	69.385
776.93	68.174
777.12	69.338
777.31	70.591
777.50	69.883
777.68	69.989
777.87	70.160
778.06	68.560
778.25	68.439
778.44	68.868
778.63	68.125
778.81	68.628
779.00	68.007
779.19	69.166
779.38	69.120
779.57	66.667
779.76	68.667
779.94	68.854
780.13	67.865
780.32	67.531
780.51	66.224
780.70	67.939
780.88	68.013
781.07	68.409
781.26	68.115
781.45	67.303
781.64	68.711
781.82	66.778
782.01	67.457
782.20	70.026
782.39	68.179
782.58	68.765
782.77	67.595
782.95	67.227
783.14	66.086
783.33	67.662
783.52	66.329
783.70	68.018
783.89	64.490
784.08	66.809
784.27	64.787
784.46	64.189
784.64	64.771
784.83	65.043
785.02	63.727
785.21	63.824
785.40	64.065
785.58	64.292
785.77	65.586
785.96	61.822
786.15	60.709
786.33	62.045
786.52	60.866
786.71	58.337
786.90	60.198
787.08	58.727
787.27	59.439
787.46	58.714
787.65	58.446
787.83	59.629
788.02	56.472
788.21	55.921
788.40	55.655
788.58	54.630
788.77	54.443
788.96	52.678
789.15	51.599
789.33	52.225
789.52	51.730
789.71	52.499
789.90	51.525
790.08	53.002
790.27	52.474
790.46	51.110
790.65	51.646
790.83	50.294
791.02	51.423
791.21	53.048
791.40	50.842
791.58	52.378
791.77	52.828
791.96	50.619
792.14	51.939
792.33	52.249
792.52	52.929
792.71	50.753
792.89	54.221
793.08	53.512
793.27	53.441
793.45	53.140
793.64	54.257
793.83	56.745
794.02	55.629
794.20	55.945
794.39	55.737
794.58	54.604
794.76	55.257
794.95	54.380
795.14	53.156
795.32	52.501
795.51	50.908
795.70	50.979
795.89	49.458
796.07	49.509
796.26	47.688
796.45	47.932
796.63	48.700
796.82	49.847
797.01	47.946
797.19	48.790
797.38	49.199
797.57	49.508
797.75	49.803
797.94	49.856
798.13	49.907
798.31	49.465
798.50	49.170
798.69	50.557
798.87	48.984
799.06	49.779
799.25	48.252
799.43	49.046
799.62	47.622
799.81	48.321
799.99	47.724
800.18	45.440
800.37	45.564
800.55	47.329
800.74	46.241
800.93	46.460
801.11	45.848
801.30	46.397
801.48	45.195
801.67	45.447
801.86	45.163
802.04	43.768
802.23	44.440
802.42	43.278
802.60	43.886
802.79	43.915
802.98	44.080
803.16	44.897
803.35	44.199
803.53	44.618
803.72	44.121
803.91	43.735
804.09	44.470
804.28	43.799
804.47	45.085
804.65	45.527
804.84	45.022
805.02	46.820
805.21	47.968
805.40	47.461
805.58	48.750
805.77	47.213
805.95	48.759
806.14	48.805
806.33	48.169
806.51	48.836
806.70	49.396
806.88	48.648
807.07	48.820
807.26	48.513
807.44	46.957
807.63	47.735
807.81	47.244
808.00	47.852
808.19	46.834
808.37	47.066
808.56	44.946
808.74	46.884
808.93	44.912
809.11	43.684
809.30	43.993
809.49	43.363
809.67	42.874
809.86	41.757
810.04	41.595
810.23	41.604
810.41	41.419
810.60	39.649
810.79	39.437
810.97	38.993
811.16	38.636
811.34	38.062
811.53	36.745
811.71	36.646
811.90	36.520
812.08	35.197
812.27	34.617
812.46	34.781
812.64	31.268
812.83	32.135
813.01	30.324
813.20	29.742
813.38	28.349
813.57	27.428
813.75	27.010
813.94	26.349
814.12	27.075
814.31	24.832
814.49	24.000
814.68	24.787
814.86	22.324
815.05	21.562
815.24	21.433
815.42	21.699
815.61	19.876
815.79	19.925
815.98	20.833
816.16	18.231
816.35	18.796
816.53	18.690
816.72	19.057
816.90	18.519
817.09	19.074
817.27	18.747
817.46	19.121
817.64	18.422
817.83	19.674
818.01	18.958
818.20	19.951
818.38	18.762
818.57	19.526
818.75	20.423
818.94	21.400
819.12	21.170
819.31	19.732
819.49	19.803
819.68	21.294
819.86	22.917
820.05	23.080
820.23	24.664
820.42	25.329
820.60	27.764
820.78	27.116
820.97	27.890
821.15	28.046
821.34	28.739
821.52	28.833
821.71	27.813
821.89	26.119
822.08	24.452
822.26	22.498
822.45	22.718
822.63	20.655
822.82	20.710
823.00	19.380
823.18	18.473
823.37	20.549
823.55	20.129
823.74	20.310
823.92	26.055
824.11	23.161
824.29	28.428
824.48	25.601
824.66	26.428
824.84	27.253
825.03	29.079
825.21	27.329
825.40	27.442
825.58	28.266
825.77	28.940
825.95	27.867
826.14	28.352
826.32	30.795
826.50	29.609
826.69	30.589
826.87	29.852
827.06	28.345
827.24	26.861
827.42	25.676
827.61	27.106
827.79	25.670
827.98	25.226
828.16	25.500
828.35	25.332
828.53	25.201
828.71	24.527
828.90	25.020
829.08	25.233
829.27	26.718
829.45	26.663
829.63	24.873
829.82	26.019
830.00	26.091
830.18	25.321
830.37	27.989
830.55	26.394
830.74	28.048
830.92	26.834
831.10	26.902
831.29	26.671
831.47	28.521
831.66	28.541
831.84	28.047
832.02	26.445
832.21	28.957
832.39	27.213
832.57	29.121
832.76	26.771
832.94	27.139
833.13	27.542
833.31	29.269
833.49	27.033
833.68	29.445
833.86	29.637
834.04	29.684
834.23	30.783
834.41	29.772
834.59	32.030
834.78	30.694
834.96	32.224
835.14	31.975
835.33	32.243
835.51	33.436
835.69	33.028
835.88	34.246
836.06	32.257
836.24	34.093
836.43	33.747
836.61	34.182
836.79	32.975
836.98	33.805
837.16	34.421
837.34	35.387
837.53	36.177
837.71	34.475
837.89	33.224
838.08	34.537
838.26	36.613
838.44	36.655
838.63	35.468
838.81	35.939
838.99	36.749
839.18	35.893
839.36	36.554
839.54	37.950
839.73	38.043
839.91	38.279
840.09	36.684
840.28	36.833
840.46	36.688
840.64	37.319
840.82	37.425
841.01	37.287
841.19	37.952
841.37	37.296
841.56	38.706
841.74	38.602
841.92	36.796
842.10	38.330
842.29	38.485
842.47	39.765
842.65	39.659
842.84	39.760
843.02	38.708
843.20	38.281
843.38	39.951
843.57	40.569
843.75	38.711
843.93	39.917
844.11	38.416
844.30	38.704
844.48	38.799
844.66	38.006
844.84	39.678
845.03	40.684
845.21	39.179
845.39	42.587
845.58	40.886
845.76	41.638
845.94	39.318
846.12	40.171
846.31	39.901
846.49	41.346
846.67	40.402
846.85	40.592
847.03	40.824
847.22	41.968
847.40	40.491
847.58	40.530
847.76	47.560
847.95	41.332
848.13	40.232
848.31	39.431
848.49	40.221
848.68	39.575
848.86	41.296
849.04	39.324
849.22	38.271
849.40	40.166
849.59	38.479
849.77	38.230
849.95	39.202
850.13	37.718
850.32	38.616
850.50	39.403
850.68	37.942
850.86	37.452
851.04	38.227
851.23	37.950
851.41	38.408
851.59	35.998
851.77	37.038
851.95	36.538
852.14	37.114
852.32	35.900
852.50	36.806
852.68	37.837
852.86	38.409
853.04	37.160
853.23	37.404
853.41	35.571
853.59	35.661
853.77	33.589
853.95	34.066
854.14	34.135
854.32	34.786
854.50	33.911
854.68	33.307
854.86	33.098
855.04	34.536
855.23	34.468
855.41	34.851
855.59	35.712
855.77	34.130
855.95	36.785
856.13	35.872
856.31	38.255
856.50	36.241
856.68	37.473
856.86	37.652
857.04	38.892
857.22	40.428
857.40	37.735
857.59	38.650
857.77	39.995
857.95	37.771
858.13	38.582
858.31	38.710
858.49	37.977
858.67	38.396
858.85	37.750
859.04	37.579
859.22	38.857
859.40	37.002
859.58	38.028
859.76	36.921
859.94	37.229
860.12	39.835
860.30	37.657
860.49	41.392
860.67	38.307
860.85	39.058
861.03	37.964
861.21	38.683
861.39	37.991
861.57	37.875
861.75	37.822
861.93	37.907
862.12	39.086
862.30	39.489
862.48	37.328
862.66	38.239
862.84	37.577
863.02	37.858
863.20	38.560
863.38	39.086
863.56	39.459
863.74	37.372
863.92	37.300
864.11	37.806
864.29	38.861
864.47	39.382
864.65	38.106
864.83	37.353
865.01	36.363
865.19	37.666
865.37	38.692
865.55	36.308
865.73	36.782
865.91	36.537
866.09	34.370
866.27	33.869
866.45	33.919
866.64	34.322
866.82	34.417
867.00	33.756
867.18	33.205
867.36	36.377
867.54	34.302
867.72	35.005
867.90	35.063
868.08	35.622
868.26	37.675
868.44	36.465
868.62	36.755
868.80	36.864
868.98	36.412
869.16	36.074
869.34	36.984
869.52	38.448
869.70	39.674
869.88	38.804
870.06	35.903
870.24	37.053
870.42	36.168
870.60	37.208
870.78	36.384
870.96	37.284
871.14	35.638
871.32	35.922
871.50	35.878
871.68	35.033
871.86	36.568
872.04	36.327
872.22	35.621
872.40	36.355
872.58	35.384
872.76	34.696
872.94	35.479
873.12	35.157
873.30	37.334
873.48	35.792
873.66	35.973
873.84	34.626
874.02	34.754
874.20	35.954
874.38	35.298
874.56	36.629
874.74	35.072
874.92	34.155
875.10	34.720
875.28	35.396
875.46	34.146
875.64	36.888
875.82	34.260
876.00	34.249
876.18	36.799
876.36	35.746
876.54	35.103
876.72	35.640
876.90	33.352
877.08	33.641
877.26	35.860
877.44	34.384
877.62	33.688
877.80	35.791
877.98	34.250
878.16	34.271
878.34	33.991
878.52	35.089
878.70	34.525
878.88	33.530
879.05	33.472
879.23	32.461
879.41	32.992
879.59	33.085
879.77	34.366
879.95	32.383
880.13	33.903
880.31	33.631
880.49	31.527
880.67	31.131
880.85	31.886
881.03	31.721
881.21	33.516
881.39	31.434
881.56	31.330
881.74	32.185
881.92	32.196
882.10	39.987
882.28	31.801
882.46	33.010
882.64	32.359
882.82	30.987
883.00	31.182
883.18	31.312
883.36	31.080
883.53	30.637
883.71	32.689
883.89	32.169
884.07	33.655
884.25	30.531
884.43	31.534
884.61	31.789
884.79	30.821
884.97	30.843
885.14	30.281
885.32	28.879
885.50	31.022
885.68	28.669
885.86	29.708
886.04	29.743
886.22	29.184
886.40	29.047
886.57	28.449
886.75	27.776
886.93	29.770
887.11	28.713
887.29	30.629
887.47	29.000
887.65	31.852
887.82	28.940
888.00	28.871
888.18	29.632
888.36	28.489
888.54	28.596
888.72	28.257
888.90	28.256
889.07	27.947
889.25	28.878
889.43	28.209
889.61	28.439
889.79	29.595
889.97	28.221
890.14	29.706
890.32	28.515
890.50	27.087
890.68	28.408
890.86	28.505
891.04	27.421
891.21	28.107
891.39	28.190
891.57	28.425
891.75	26.478
891.93	27.183
892.10	27.372
892.28	27.119
892.46	26.440
892.64	25.398
892.82	26.066
893.00	23.506
893.17	23.961
893.35	22.576
893.53	24.940
893.71	22.245
893.89	21.929
894.06	22.175
894.24	21.942
894.42	20.766
894.60	20.659
894.78	19.450
894.95	18.186
895.13	22.213
895.31	17.848
895.49	16.900
895.66	16.803
895.84	15.821
896.02	15.926
896.20	14.708
896.38	13.873
896.55	13.160
896.73	14.702
896.91	12.584
897.09	13.555
897.26	11.857
897.44	12.415
897.62	14.020
897.80	11.386
897.97	13.037
898.15	11.189
898.33	12.704
898.51	11.821
898.68	11.387
898.86	11.742
899.04	12.567
899.22	10.547
899.39	10.756
899.57	10.797
899.75	11.001
899.93	9.527
900.10	10.937
900.28	10.396
900.46	10.957
900.64	10.950
900.81	10.910
900.99	9.627
901.17	9.592
901.34	9.389
901.52	10.972
901.70	9.770
901.88	10.027
902.05	10.769
902.23	10.256
902.41	10.229
902.58	9.170
902.76	10.721
902.94	10.440
903.12	11.778
903.29	12.238
903.47	12.837
903.65	12.198
903.82	14.505
904.00	15.902
904.18	15.426
904.36	15.295
904.53	15.717
904.71	15.698
904.89	15.790
905.06	18.160
905.24	16.471
905.42	15.802
905.59	16.312
905.77	15.577
905.95	14.745
906.12	14.444
906.30	14.492
906.48	12.707
906.65	13.930
906.83	14.220
907.01	13.053
907.18	11.034
907.36	11.923
907.54	9.913
907.71	11.279
907.89	11.435
908.07	8.993
908.24	11.523
908.42	10.918
908.60	9.683
908.77	9.735
908.95	11.251
909.13	9.962
909.30	10.454
909.48	9.025
909.66	9.381
909.83	9.668
910.01	8.381
910.18	10.373
910.36	9.122
910.54	10.180
910.71	9.121
910.89	9.800
911.07	9.734
911.24	11.942
911.42	9.278
911.59	11.755
911.77	10.185
911.95	9.979
912.12	10.288
912.30	10.613
912.48	10.548
912.65	11.310
912.83	10.310
913.00	9.771
913.18	8.955
913.36	9.465
913.53	8.262
913.71	9.652
913.88	10.230
914.06	8.414
914.24	10.520
914.41	8.569
914.59	9.546
914.76	8.915
914.94	8.916
915.12	8.784
915.29	9.003
915.47	10.018
915.64	8.183
915.82	9.059
915.99	7.478
916.17	8.759
916.35	9.057
916.52	8.793
916.70	8.565
916.87	7.733
917.05	9.676
917.22	8.915
917.40	10.384
917.58	9.878
917.75	7.578
917.93	8.625
918.10	8.227
918.28	9.510
918.45	9.917
918.63	8.061
918.80	8.434
918.98	11.084
919.16	10.518
919.33	11.579
919.51	11.649
919.68	13.186
919.86	10.505
920.03	12.534
920.21	13.179
920.38	14.388
920.56	12.876
920.73	13.747
920.91	12.835
921.08	13.028
921.26	14.310
921.44	13.463
921.61	12.446
921.79	17.480
921.96	12.816
922.14	11.985
922.31	11.997
922.49	13.187
922.66	13.034
922.84	11.163
923.01	13.236
923.19	14.171
923.36	11.925
923.54	13.663
923.71	14.528
923.89	13.922
924.06	13.562
924.24	12.145
924.41	11.238
924.59	10.038
924.76	10.726
924.94	12.965
925.11	10.745
925.29	11.599
925.46	10.043
925.64	11.046
925.81	10.762
925.98	11.031
926.16	12.974
926.33	10.709
926.51	11.563
926.68	13.525
926.86	9.604
927.03	11.451
927.21	13.263
927.38	13.147
927.56	9.751
927.73	12.070
927.91	9.063
928.08	8.086
928.26	8.493
928.43	7.172
928.60	8.634
928.78	8.755
928.95	8.031
929.13	6.792
929.30	7.654
929.48	8.333
929.65	6.025
929.83	10.953
930.00	6.398
930.17	6.015
930.35	6.620
930.52	6.812
930.70	9.029
930.87	6.367
931.05	5.644
931.22	4.604
931.39	5.206
931.57	5.972
931.74	5.594
931.92	4.734
932.09	5.948
932.26	7.247
932.44	5.884
932.61	3.635
932.79	7.142
932.96	5.000
933.13	4.590
933.31	6.176
933.48	7.223
933.66	7.312
933.83	6.266
934.00	4.557
934.18	5.791
934.35	5.695
934.53	3.934
934.70	6.250
934.87	4.375
935.05	6.726
935.22	5.072
935.40	5.011
935.57	4.875
935.74	5.387
935.92	4.996
936.09	7.100
936.26	5.679
936.44	6.156
936.61	6.706
936.79	7.372
936.96	5.906
937.13	6.780
937.31	5.293
937.48	6.811
937.65	5.303
937.83	4.848
938.00	5.473
938.17	6.655
938.35	7.330
938.52	5.565
938.69	7.302
938.87	6.201
939.04	6.380
939.21	8.045
939.39	5.278
939.56	6.599
939.73	8.049
939.91	6.675
940.08	8.381
940.25	8.326
940.43	6.363
940.60	7.319
940.77	6.115
940.95	8.272
941.12	9.344
941.29	7.446
941.47	6.507
941.64	7.428
941.81	6.904
941.99	8.450
942.16	9.455
942.33	5.783
942.51	6.911
942.68	7.072
942.85	5.618
943.02	7.428
943.20	5.791
943.37	6.746
943.54	10.004
943.72	6.803
943.89	8.876
944.06	8.078
944.23	6.400
944.41	6.302
944.58	5.918
944.75	7.754
944.93	5.863
945.10	8.289
945.27	7.637
945.44	7.563
945.62	7.585
945.79	7.966
945.96	5.580
946.14	6.154
946.31	7.175
946.48	8.341
946.65	7.448
946.83	7.871
947.00	7.154
947.17	7.673
947.34	7.251
947.52	8.565
947.69	5.398
947.86	5.150
948.03	6.765
948.21	9.568
948.38	6.732
948.55	6.850
948.72	8.065
948.90	8.382
949.07	8.193
949.24	9.110
949.41	8.183
949.58	7.535
949.76	8.519
949.93	8.773
950.10	7.711
950.27	7.701
950.45	9.491
950.62	7.669
950.79	8.552
950.96	5.130
951.13	4.759
951.31	13.235
951.48	9.239
951.65	10.230
951.82	8.176
952.00	6.536
952.17	5.925
952.34	8.039
952.51	7.051
952.68	5.961
952.86	6.346
953.03	6.508
953.20	9.041
953.37	5.953
953.54	6.091
953.71	12.974
953.89	7.558
954.06	8.211
954.23	9.603
954.40	10.189
954.57	8.283
954.75	10.011
954.92	7.494
955.09	9.161
955.26	5.925
955.43	10.951
955.60	9.757
955.78	7.086
955.95	6.430
956.12	8.234
956.29	8.825
956.46	8.605
956.63	8.459
956.81	9.968
956.98	10.938
957.15	14.281
957.32	9.612
957.49	7.906
957.66	7.921
957.83	9.565
958.01	8.050
958.18	7.631
958.35	11.027
958.52	9.126
958.69	6.711
958.86	7.819
959.03	12.113
959.20	9.527
959.38	10.587
959.55	8.802
959.72	11.468
959.89	8.008
960.06	8.913
960.23	8.030
960.40	10.924
960.57	10.231
960.75	9.801
960.92	6.618
961.09	12.767
961.26	9.801
961.43	10.366
961.60	9.895
961.77	10.889
961.94	10.362
962.11	10.163
962.28	11.338
962.46	9.368
962.63	10.013
962.80	10.996
962.97	7.253
963.14	9.881
963.31	9.946
963.48	11.237
963.65	15.311
963.82	11.606
963.99	12.954
964.16	9.608
964.33	10.084
964.50	9.389
964.68	13.842
964.85	9.293
965.02	13.885
965.19	13.230
965.36	11.980
965.53	11.465
965.70	9.946
965.87	13.190
966.04	8.660
966.21	14.324
966.38	9.162
966.55	10.154
966.72	12.306
966.89	8.230
967.06	13.129
967.23	11.003
967.40	14.476
967.57	10.957
967.74	12.223
967.91	15.048
968.09	13.042
968.26	16.288
968.43	13.411
968.60	12.022
968.77	11.410
968.94	17.760
969.11	13.616
969.28	12.555
969.45	14.762
969.62	13.363
969.79	11.015
969.96	15.432
970.13	13.499
970.30	15.010
970.47	13.950
970.64	14.649
970.81	15.456
970.98	13.873
971.15	17.678
971.32	21.035
971.49	16.949
971.66	14.089
971.83	16.280
972.00	14.368
972.17	16.447
972.34	13.102
972.51	11.949
972.68	13.894
972.85	16.289
973.02	13.098
973.19	16.463
973.36	15.332
973.53	12.848
973.70	13.337
973.86	18.766
974.03	16.395
974.20	16.583
974.37	17.185
974.54	17.172
974.71	16.726
974.88	15.541
975.05	13.292
975.22	16.441
975.39	19.512
975.56	16.050
975.73	11.625
975.90	13.815
976.07	12.340
976.24	15.011
976.41	16.394
976.58	15.864
976.75	15.864
976.92	14.873
977.08	12.186
977.25	22.343
977.42	16.139
977.59	15.948
977.76	16.877
977.93	17.335
978.10	14.280
978.27	14.591
978.44	16.676
978.61	14.912
978.78	19.141
978.95	15.823
979.12	14.218
979.28	14.507
979.45	17.804
979.62	15.642
979.79	16.119
979.96	14.697
980.13	14.706
980.30	14.512
980.47	15.560
980.64	14.523
980.81	16.411
980.97	18.264
981.14	28.927
981.31	15.971
981.48	14.690
981.65	15.454
981.82	15.241
981.99	15.841
982.16	15.525
982.32	22.625
982.49	38.667
982.66	15.172
982.83	21.555
983.00	23.699
983.17	18.951
983.34	17.871
983.51	21.273
983.67	20.060
983.84	20.057
984.01	23.256
984.18	19.569
984.35	21.773
984.52	18.580
984.68	18.599
984.85	17.516
985.02	22.043
985.19	18.789
985.36	21.145
985.53	23.613
985.70	25.332
985.86	19.437
986.03	22.784
986.20	21.207
986.37	21.783
986.54	21.412
986.71	19.978
986.87	21.856
987.04	18.528
987.21	23.197
987.38	23.404
987.55	21.109
987.71	21.275
987.88	21.092
988.05	24.788
988.22	22.010
988.39	21.003
988.55	25.394
988.72	26.633
988.89	25.866
989.06	24.198
989.23	23.353
989.39	24.954
989.56	28.452
989.73	29.601
989.90	28.979
990.07	24.535
990.23	24.263
990.40	27.469
990.57	24.577
990.74	26.969
990.90	23.474
991.07	21.546
991.24	20.093
991.41	32.132
991.58	25.278
991.74	26.191
991.91	27.611
992.08	28.007
992.25	18.288
992.41	23.680
992.58	28.486
992.75	23.485
992.92	24.618
993.08	20.335
993.25	23.994
993.42	23.214
993.59	22.441
993.75	25.130
993.92	31.346
994.09	33.053
994.26	24.283
994.42	28.912
994.59	27.497
994.76	29.557
994.93	21.153
995.09	28.207
995.26	37.425
995.43	33.523
995.59	27.240
995.76	27.450
995.93	29.369
996.10	27.567
996.26	30.363
996.43	23.330
996.60	28.316
996.76	30.860
996.93	23.743
997.10	23.197
997.27	32.385
997.43	29.476
997.60	26.995
997.77	26.854
997.93	30.900
998.10	21.884
998.27	25.946
998.43	28.283
998.60	26.277
998.77	33.737
998.94	22.479
999.10	41.279
999.27	30.623
999.44	26.580
999.60	25.206
999.77	27.434
999.94	31.383
1000.10	29.677
1000.27	26.268
1000.44	21.322
1000.60	43.410
1000.77	35.556
1000.94	25.462
1001.10	32.913
1001.27	29.727
1001.44	28.910
1001.60	24.653
1001.77	27.278
1001.94	27.665
1002.10	30.382
1002.27	27.431
1002.44	22.966
1002.60	28.548
1002.77	29.536
1002.93	23.037
1003.10	31.660
1003.27	25.491
1003.43	30.330
1003.60	28.455
1003.77	33.819
1003.93	34.324
1004.10	40.022
1004.26	22.029
1004.43	24.982
1004.60	42.353
1004.76	26.106
1004.93	33.446
1005.10	28.527
1005.26	32.673
1005.43	30.951
1005.59	25.887
1005.76	29.278
1005.93	37.228
1006.09	42.211
1006.26	22.881
1006.42	29.768
1006.59	33.462
1006.76	30.496
1006.92	24.388
1007.09	33.875
1007.25	33.198
1007.42	34.444
1007.59	31.419
1007.75	24.680
1007.92	35.096
1008.08	38.954
1008.25	26.686
1008.41	27.106
1008.58	40.490
1008.75	42.272
1008.91	30.676
1009.08	24.439
1009.24	32.427
1009.41	40.319
1009.57	28.378
1009.74	26.847
1009.91	33.186
1010.07	34.736
1010.24	27.790
1010.40	27.095
1010.57	30.428
1010.73	30.336
1010.90	32.754
1011.06	25.573
1011.23	38.889
1011.39	38.416
1011.56	43.503
1011.73	29.510
1011.89	41.197
1012.06	39.656
1012.22	34.537
1012.39	30.506
1012.55	35.665
1012.72	42.286
1012.88	34.529
1013.05	32.097
1013.21	40.264
1013.38	41.027
1013.54	28.461
1013.71	35.856
1013.87	42.010
1014.04	36.952
1014.20	32.403
1014.37	44.664
1014.53	44.814
1014.70	45.077
1014.86	26.493
1015.03	33.429
1015.19	36.336
1015.36	47.321
1015.52	34.580
1015.69	31.074
1015.85	44.557
1016.02	43.359
1016.18	42.514
1016.35	27.075
1016.51	51.101
1016.68	41.777
1016.84	42.041
1017.01	44.441
1017.17	35.499
1017.34	54.586
1017.50	31.498
1017.67	34.365
1017.83	39.664
1018.00	39.313
1018.16	46.119
1018.32	38.629
1018.49	38.533
1018.65	40.692
1018.82	33.162
1018.98	47.156
1019.15	46.758
1019.31	44.437
1019.48	37.657
1019.64	67.362
1019.81	52.248
1019.97	44.221
1020.13	46.729
1020.30	35.458
1020.46	46.698
1020.63	51.218
1020.79	37.421
1020.96	33.713
1021.12	53.424
1021.28	47.458
1021.45	54.056
1021.61	51.894
1021.78	47.737
1021.94	47.331
1022.10	49.321
1022.27	40.434
1022.43	59.297
1022.60	43.119
1022.76	39.151
1022.93	75.435
1023.09	42.970
1023.25	59.122
1023.42	52.645
1023.58	65.765
1023.75	50.789
1023.91	55.586
1024.07	38.793
1024.24	39.460
1024.40	40.698
1024.56	134.318
1024.73	47.365
1024.89	70.330
1025.06	55.389
1025.22	51.502
1025.38	48.054
1025.55	41.035
1025.71	49.310
1025.87	52.302
1026.04	62.586
1026.20	48.465
1026.37	51.880
1026.53	60.825
1026.69	57.903
1026.86	49.645
1027.02	49.993
1027.18	53.707
1027.35	71.602
1027.51	43.102
1027.67	68.615
1027.84	78.215
1028.00	51.534
1028.16	54.684
1028.33	58.291
1028.49	57.268
1028.65	31.634
1028.82	56.521
1028.98	75.159
1029.14	85.587
1029.31	52.358
1029.47	42.608
1029.63	64.982
1029.80	73.338
1029.96	46.176
1030.12	64.955
1030.29	66.800
1030.45	58.545
1030.61	52.379
1030.78	43.530
1030.94	71.141
1031.10	71.474
1031.27	48.690
1031.43	48.763
1031.59	52.806
1031.75	60.429
1031.92	97.882
1032.08	41.988
1032.24	61.455
1032.41	48.576
1032.57	63.961
1032.73	69.146
1032.90	63.116
1033.06	59.016
1033.22	38.676
1033.38	62.223
1033.55	141.142
1033.71	69.893
1033.87	59.469
1034.03	51.207
1034.20	82.391
1034.36	70.000
1034.52	64.186
1034.69	51.925
1034.85	73.661
1035.01	75.615
1035.17	50.638
1035.34	36.268
1035.50	69.127
1035.66	62.395
1035.82	56.928
1035.99	64.151
1036.15	62.579
1036.31	90.092
1036.47	56.421
1036.64	75.544
1036.80	85.017
1036.96	77.285
1037.12	58.527
1037.28	71.494
1037.45	69.769
1037.61	70.952
1037.77	77.594
1037.93	78.415
1038.10	59.916
1038.26	81.210
1038.42	63.970
1038.58	84.713
1038.74	62.884
1038.91	74.848
1039.07	62.719
1039.23	102.147
1039.39	74.451
1039.55	74.630
1039.72	64.056
1039.88	60.333
1040.04	75.813
1040.20	109.536
1040.36	61.476
1040.53	81.290
1040.69	102.341
1040.85	104.671
1041.01	99.401
1041.17	64.563
1041.34	98.059
1041.50	124.448
1041.66	48.767
1041.82	72.833
1041.98	96.161
1042.14	122.537
1042.31	82.465
1042.47	117.006
1042.63	86.235
1042.79	93.933
1042.95	69.695
1043.11	77.061
1043.28	79.722
1043.44	85.205
1043.60	76.113
1043.76	117.329
1043.92	165.916
