345.80	11.627
346.01	11.699
346.23	11.770
346.44	4.056
346.66	8.193
346.87	726.347
347.09	4651.798
347.30	1733.462
347.52	-131.469
347.73	-229.912
347.95	-997.791
348.16	-161.409
348.38	-196.381
348.59	358.218
348.81	-296.015
349.02	-514.157
349.24	-387.150
349.45	-328.861
349.67	251.573
349.88	157.597
350.10	109.338
350.31	1046.258
350.53	295.623
350.74	138.994
350.96	309.828
351.17	105.085
351.38	1025.773
351.60	742.781
351.81	191.781
352.03	-738.718
352.24	252.228
352.46	307.962
352.67	174.711
352.89	184.648
353.10	304.506
353.32	167.934
353.53	3597.887
353.75	233.105
353.96	120.070
354.17	227.866
354.39	422.534
354.60	170.889
354.82	290.053
355.03	886.737
355.25	219.442
355.46	415.367
355.68	273.985
355.89	180.655
356.11	121.594
356.32	428.153
356.53	1054.130
356.75	3704.215
356.96	651.906
357.18	308.204
357.39	191.561
357.61	964.244
357.82	125.781
358.04	108.715
358.25	166.328
358.46	569.288
358.68	205.766
358.89	137.835
359.11	857.491
359.32	133.506
359.54	600.289
359.75	205.246
359.96	214.531
360.18	512.088
360.39	81.676
360.61	190.102
360.82	229.357
361.04	329.536
361.25	320.546
361.46	584.177
361.68	241.781
361.89	153.769
362.11	250.925
362.32	766.055
362.54	275.450
362.75	143.423
362.96	152.560
363.18	157.042
363.39	201.962
363.61	197.945
363.82	6379.877
364.03	305.676
364.25	168.924
364.46	87.540
364.68	279.736
364.89	524.835
365.10	206.862
365.32	166.734
365.53	303.626
365.75	378.051
365.96	290.620
366.17	212.261
366.39	144.640
366.60	183.270
366.82	252.151
367.03	272.085
367.24	141.414
367.46	192.302
367.67	194.835
367.89	310.453
368.10	1370.108
368.31	321.430
368.53	449.423
368.74	297.730
368.96	181.763
369.17	434.578
369.38	140.086
369.60	398.857
369.81	736.428
370.03	279.900
370.24	221.258
370.45	348.166
370.67	187.217
370.88	229.999
371.09	1131.862
371.31	369.681
371.52	175.759
371.74	352.275
371.95	192.664
372.16	147.842
372.38	119.552
372.59	158.082
372.81	145.132
373.02	225.064
373.23	421.973
373.45	372.182
373.66	160.628
373.87	175.424
374.09	262.174
374.30	423.538
374.51	157.454
374.73	153.612
374.94	244.328
375.16	150.206
375.37	459.392
375.58	278.628
375.80	371.209
376.01	191.878
376.22	493.126
376.44	218.788
376.65	151.802
376.86	233.810
377.08	170.798
377.29	114.293
377.50	285.813
377.72	480.048
377.93	830.440
378.15	211.920
378.36	145.999
378.57	180.876
378.79	140.583
379.00	151.024
379.21	182.208
379.43	180.531
379.64	146.213
379.85	252.714
380.07	163.929
380.28	99.778
380.49	127.574
380.71	134.709
380.92	100.244
381.13	258.970
381.35	153.306
381.56	170.181
381.77	330.117
381.99	114.407
382.20	195.388
382.41	159.864
382.63	206.472
382.84	207.967
383.05	213.346
383.27	181.436
383.48	194.818
383.69	129.583
383.91	149.276
384.12	152.389
384.33	129.587
384.55	213.899
384.76	158.506
384.97	197.516
385.18	132.729
385.40	320.213
385.61	183.077
385.82	189.265
386.04	180.819
386.25	213.475
386.46	167.974
386.68	143.748
386.89	129.016
387.10	192.490
387.32	112.744
387.53	239.521
387.74	113.234
387.95	114.471
388.17	159.818
388.38	174.853
388.59	185.059
388.81	201.759
389.02	141.781
389.23	204.641
389.45	137.409
389.66	100.568
389.87	138.197
390.08	118.765
390.30	200.856
390.51	104.438
390.72	190.455
390.94	146.431
391.15	178.152
391.36	123.734
391.57	193.368
391.79	149.528
392.00	129.172
392.21	115.415
392.43	166.192
392.64	325.505
392.85	153.718
393.06	155.167
393.28	123.788
393.49	150.276
393.70	109.084
393.92	209.906
394.13	107.373
394.34	144.808
394.55	168.142
394.77	128.333
394.98	84.801
395.19	257.738
395.40	114.998
395.62	193.122
395.83	206.605
396.04	102.400
396.26	256.492
396.47	114.798
396.68	146.851
396.89	158.906
397.11	199.454
397.32	138.177
397.53	169.651
397.74	207.623
397.96	92.071
398.17	111.619
398.38	80.371
398.59	81.170
398.81	206.833
399.02	103.551
399.23	135.497
399.44	131.641
399.66	126.253
399.87	139.771
400.08	131.458
400.29	164.096
400.51	154.782
400.72	110.918
400.93	131.518
401.14	167.087
401.36	167.515
401.57	136.113
401.78	139.911
401.99	146.943
402.21	158.960
402.42	168.441
402.63	94.313
402.84	134.833
403.05	143.644
403.27	100.801
403.48	110.861
403.69	105.009
403.90	138.125
404.12	209.239
404.33	130.691
404.54	183.110
404.75	87.511
404.96	81.455
405.18	144.570
405.39	128.617
405.60	204.921
405.81	89.321
406.03	89.737
406.24	135.252
406.45	106.491
406.66	149.552
406.87	84.511
407.09	138.143
407.30	100.694
407.51	176.772
407.72	89.908
407.93	105.995
408.15	118.027
408.36	59.270
408.57	152.293
408.78	114.938
409.00	126.431
409.21	100.200
409.42	88.083
409.63	108.125
409.84	126.017
410.06	168.050
410.27	76.850
410.48	103.852
410.69	123.664
410.90	108.966
411.12	90.136
411.33	180.348
411.54	82.724
411.75	93.668
411.96	81.569
412.17	155.879
412.39	141.022
412.60	96.975
412.81	95.292
413.02	127.175
413.23	74.156
413.45	78.427
413.66	105.084
413.87	95.924
414.08	85.011
414.29	115.792
414.50	94.524
414.72	94.753
414.93	78.122
415.14	103.930
415.35	73.294
415.56	151.166
415.77	139.417
415.99	208.644
416.20	111.884
416.41	124.021
416.62	126.793
416.83	85.689
417.04	131.200
417.26	169.424
417.47	150.902
417.68	134.399
417.89	103.902
418.10	75.980
418.31	94.913
418.53	147.987
418.74	69.439
418.95	94.301
419.16	126.426
419.37	108.093
419.58	111.912
419.80	128.825
420.01	128.191
420.22	76.963
420.43	111.168
420.64	83.799
420.85	76.982
421.06	131.969
421.28	96.966
421.49	105.154
421.70	107.519
421.91	104.755
422.12	79.488
422.33	90.763
422.54	60.242
422.76	87.050
422.97	101.466
423.18	144.369
423.39	99.734
423.60	103.173
423.81	83.163
424.02	65.581
424.23	85.180
424.45	96.501
424.66	80.934
424.87	51.083
425.08	130.411
425.29	92.393
425.50	73.202
425.71	142.425
425.92	124.311
426.14	59.775
426.35	75.164
426.56	70.360
426.77	74.718
426.98	130.120
427.19	136.005
427.40	90.887
427.61	109.351
427.82	71.535
428.04	95.433
428.25	89.160
428.46	73.913
428.67	66.359
428.88	91.756
429.09	85.475
429.30	110.030
429.51	104.634
429.72	114.963
429.94	67.806
430.15	86.093
430.36	56.973
430.57	81.657
430.78	105.469
430.99	66.803
431.20	132.153
431.41	78.534
431.62	66.793
431.83	97.721
432.05	91.839
432.26	101.521
432.47	75.495
432.68	78.578
432.89	87.323
433.10	91.442
433.31	67.665
433.52	77.059
433.73	66.576
433.94	108.771
434.15	52.296
434.36	84.828
434.58	77.684
434.79	41.751
435.00	65.983
435.21	66.963
435.42	118.347
435.63	53.133
435.84	84.063
436.05	72.242
436.26	87.482
436.47	61.379
436.68	83.363
436.89	96.831
437.10	70.871
437.31	138.655
437.52	63.778
437.74	103.048
437.95	93.202
438.16	76.624
438.37	77.618
438.58	84.876
438.79	61.269
439.00	75.396
439.21	101.220
439.42	56.614
439.63	59.066
439.84	65.800
440.05	86.201
440.26	66.193
440.47	105.559
440.68	79.673
440.89	61.206
441.10	91.118
441.31	64.773
441.52	84.731
441.74	82.117
441.95	40.948
442.16	58.418
442.37	48.941
442.58	69.839
442.79	70.760
443.00	69.300
443.21	77.796
443.42	79.057
443.63	58.348
443.84	50.405
444.05	91.071
444.26	67.189
444.47	78.244
444.68	59.447
444.89	69.521
445.10	72.162
445.31	85.275
445.52	75.621
445.73	67.862
445.94	94.901
446.15	92.162
446.36	57.628
446.57	60.364
446.78	68.862
446.99	92.887
447.20	39.555
447.41	54.100
447.62	64.319
447.83	76.071
448.04	73.239
448.25	46.009
448.46	59.321
448.67	82.044
448.88	79.586
449.09	71.485
449.30	82.413
449.51	63.996
449.72	59.259
449.93	88.833
450.14	67.013
450.35	83.495
450.56	52.318
450.77	56.723
450.98	47.971
451.19	59.306
451.40	61.151
451.61	62.000
451.82	63.837
452.03	83.207
452.24	63.851
452.45	72.461
452.66	62.759
452.87	55.299
453.08	89.016
453.29	68.372
453.50	58.237
453.71	44.222
453.92	96.684
454.13	46.594
454.34	73.561
454.55	72.179
454.76	86.116
454.97	58.407
455.18	64.880
455.39	76.237
455.60	61.331
455.81	64.445
456.02	57.176
456.23	61.489
456.44	78.951
456.65	63.345
456.86	49.574
457.07	70.671
457.28	80.293
457.49	71.469
457.70	51.961
457.90	49.359
458.11	83.524
458.32	55.127
458.53	51.706
458.74	61.514
458.95	74.867
459.16	46.708
459.37	50.574
459.58	88.769
459.79	69.733
460.00	51.464
460.21	88.504
460.42	73.133
460.63	43.026
460.84	53.713
461.05	131.844
461.26	65.430
461.47	39.952
461.68	55.051
461.88	57.916
462.09	56.888
462.30	81.183
462.51	63.836
462.72	54.013
462.93	87.431
463.14	51.558
463.35	58.913
463.56	61.721
463.77	54.750
463.98	66.111
464.19	41.014
464.40	42.260
464.61	46.824
464.81	46.514
465.02	46.132
465.23	45.083
465.44	41.211
465.65	48.285
465.86	58.054
466.07	38.938
466.28	66.170
466.49	60.328
466.70	68.181
466.91	39.430
467.12	48.934
467.32	42.765
467.53	56.897
467.74	65.681
467.95	33.143
468.16	37.786
468.37	33.471
468.58	36.460
468.79	51.033
469.00	43.777
469.21	39.098
469.42	46.005
469.62	44.550
469.83	72.108
470.04	47.255
470.25	35.055
470.46	41.717
470.67	49.097
470.88	49.939
471.09	39.644
471.30	60.699
471.50	42.075
471.71	54.983
471.92	47.242
472.13	38.699
472.34	32.818
472.55	32.381
472.76	49.733
472.97	42.864
473.17	31.125
473.38	29.222
473.59	37.810
473.80	48.293
474.01	50.532
474.22	48.331
474.43	49.567
474.64	48.789
474.84	34.454
475.05	53.550
475.26	41.672
475.47	35.080
475.68	34.727
475.89	39.298
476.10	62.717
476.31	49.075
476.51	34.763
476.72	40.111
476.93	48.724
477.14	37.291
477.35	32.056
477.56	46.755
477.77	35.659
477.97	36.103
478.18	34.427
478.39	28.377
478.60	37.976
478.81	28.661
479.02	38.086
479.22	40.698
479.43	37.459
479.64	38.036
479.85	35.109
480.06	31.764
480.27	43.295
480.48	37.742
480.68	36.201
480.89	27.816
481.10	44.602
481.31	35.747
481.52	30.625
481.73	34.857
481.93	45.847
482.14	33.565
482.35	32.821
482.56	35.214
482.77	30.599
482.98	32.169
483.18	32.838
483.39	28.964
483.60	26.763
483.81	37.325
484.02	34.424
484.22	30.617
484.43	40.524
484.64	33.159
484.85	103.943
485.06	41.057
485.27	38.716
485.47	39.904
485.68	30.384
485.89	24.855
486.10	31.236
486.31	26.978
486.51	36.538
486.72	42.649
486.93	37.534
487.14	34.652
487.35	37.441
487.55	24.600
487.76	37.147
487.97	33.387
488.18	35.885
488.39	33.747
488.59	35.407
488.80	34.995
489.01	36.399
489.22	31.500
489.43	39.526
489.63	59.159
489.84	42.883
490.05	41.710
490.26	35.050
490.46	35.189
490.67	34.267
490.88	34.085
491.09	37.232
491.30	35.229
491.50	24.739
491.71	41.403
491.92	31.363
492.13	27.521
492.33	31.677
492.54	31.806
492.75	36.073
492.96	36.458
493.17	34.944
493.37	26.134
493.58	33.009
493.79	39.150
494.00	35.020
494.20	30.456
494.41	26.153
494.62	29.255
494.83	27.111
495.03	31.123
495.24	32.063
495.45	30.956
495.66	30.965
495.86	36.564
496.07	31.951
496.28	31.376
496.49	29.579
496.70	30.266
496.90	30.589
497.11	27.651
497.32	29.803
497.52	37.813
497.73	33.962
497.94	34.087
498.15	34.470
498.35	31.695
498.56	28.866
498.77	27.571
498.98	33.896
499.18	25.458
499.39	25.314
499.60	37.243
499.81	30.804
500.01	26.475
500.22	43.325
500.43	28.395
500.64	31.725
500.84	25.508
501.05	29.422
501.26	38.826
501.46	41.652
501.67	26.270
501.88	30.798
502.09	27.642
502.29	34.341
502.50	28.326
502.71	27.509
502.91	34.911
503.12	30.479
503.33	33.406
503.54	25.081
503.74	27.194
503.95	23.876
504.16	27.866
504.36	27.637
504.57	34.229
504.78	26.453
504.99	22.424
505.19	29.240
505.40	27.572
505.61	35.979
505.81	24.156
506.02	28.290
506.23	36.101
506.44	25.160
506.64	29.420
506.85	26.044
507.06	27.194
507.26	31.315
507.47	32.045
507.68	25.902
507.88	25.505
508.09	24.630
508.30	29.449
508.50	25.089
508.71	27.640
508.92	36.601
509.12	30.418
509.33	27.965
509.54	26.873
509.74	26.600
509.95	29.152
510.16	31.875
510.37	31.605
510.57	27.875
510.78	23.816
510.99	32.540
511.19	30.920
511.40	30.757
511.61	31.016
511.81	30.416
512.02	35.051
512.23	40.526
512.43	30.678
512.64	31.824
512.85	27.359
513.05	27.186
513.26	35.630
513.47	30.564
513.67	30.682
513.88	28.992
514.08	27.051
514.29	28.823
514.50	32.050
514.70	27.376
514.91	29.029
515.12	32.632
515.32	32.712
515.53	34.007
515.74	33.961
515.94	24.159
516.15	33.529
516.36	30.975
516.56	23.489
516.77	29.913
516.97	31.076
517.18	26.523
517.39	35.715
517.59	33.326
517.80	32.986
518.01	26.523
518.21	38.512
518.42	28.863
518.63	22.817
518.83	32.295
519.04	31.636
519.24	30.563
519.45	31.636
519.66	32.378
519.86	37.091
520.07	36.467
520.28	26.907
520.48	66.952
520.69	38.583
520.89	36.530
521.10	31.214
521.31	36.727
521.51	35.553
521.72	29.607
521.92	26.630
522.13	25.092
522.34	28.927
522.54	28.133
522.75	29.745
522.95	29.992
523.16	27.194
523.37	28.643
523.57	25.715
523.78	31.195
523.98	23.957
524.19	35.818
524.40	34.803
524.60	26.008
524.81	29.435
525.01	26.894
525.22	31.596
525.43	26.446
525.63	35.418
525.84	26.532
526.04	29.176
526.25	24.015
526.46	32.242
526.66	26.767
526.87	26.464
527.07	21.868
527.28	29.617
527.48	24.123
527.69	30.337
527.90	30.125
528.10	35.051
528.31	24.933
528.51	27.940
528.72	30.409
528.92	37.428
529.13	30.007
529.34	33.781
529.54	27.356
529.75	69.926
529.95	27.079
530.16	28.106
530.36	32.609
530.57	27.103
530.78	31.535
530.98	26.338
531.19	28.780
531.39	29.769
531.60	25.668
531.80	27.027
532.01	34.876
532.21	28.218
532.42	29.402
532.62	25.856
532.83	26.726
533.04	24.059
533.24	26.047
533.45	29.127
533.65	28.608
533.86	30.366
534.06	31.086
534.27	30.454
534.47	28.619
534.68	32.021
534.88	28.729
535.09	31.899
535.30	26.455
535.50	31.706
535.71	28.184
535.91	31.336
536.12	31.068
536.32	25.502
536.53	34.546
536.73	33.045
536.94	29.409
537.14	34.551
537.35	26.241
537.55	28.066
537.76	30.203
537.96	33.465
538.17	32.270
538.37	27.674
538.58	24.559
538.78	27.753
538.99	25.817
539.19	24.127
539.40	26.015
539.60	29.150
539.81	33.420
540.01	35.735
540.22	26.112
540.42	29.268
540.63	31.358
540.83	35.030
541.04	26.535
541.24	24.352
541.45	27.784
541.65	34.901
541.86	30.923
542.06	32.875
542.27	39.478
542.47	26.640
542.68	33.181
542.88	31.580
543.09	25.693
543.29	36.064
543.50	27.173
543.70	43.454
543.91	25.204
544.11	31.009
544.32	28.991
544.52	28.685
544.73	26.503
544.93	26.859
545.14	25.930
545.34	27.290
545.55	29.421
545.75	28.934
545.96	32.330
546.16	29.824
546.36	37.618
546.57	32.823
546.77	22.594
546.98	28.479
547.18	31.772
547.39	22.340
547.59	32.531
547.80	30.736
548.00	24.781
548.21	30.671
548.41	23.819
548.61	33.590
548.82	26.741
549.02	30.317
549.23	30.243
549.43	31.040
549.64	31.129
549.84	24.969
550.05	31.724
550.25	25.103
550.46	27.425
550.66	31.494
550.86	26.959
551.07	27.592
551.27	25.378
551.48	28.871
551.68	23.958
551.89	30.320
552.09	21.787
552.29	23.582
552.50	27.225
552.70	25.714
552.91	27.851
553.11	26.822
553.32	36.932
553.52	29.573
553.72	29.803
553.93	28.187
554.13	31.660
554.34	32.210
554.54	25.069
554.75	34.369
554.95	33.755
555.15	24.476
555.36	24.614
555.56	28.955
555.77	27.120
555.97	38.730
556.17	33.734
556.38	30.319
556.58	24.408
556.79	37.430
556.99	24.107
557.19	29.072
557.40	25.271
557.60	29.025
557.81	27.015
558.01	36.814
558.21	26.429
558.42	37.983
558.62	28.482
558.83	25.782
559.03	25.039
559.23	25.956
559.44	26.867
559.64	22.645
559.85	25.369
560.05	30.551
560.25	24.198
560.46	26.166
560.66	36.725
560.86	29.118
561.07	26.798
561.27	25.032
561.48	22.611
561.68	24.809
561.88	21.504
562.09	23.195
562.29	21.580
562.49	33.636
562.70	23.490
562.90	25.655
563.11	27.730
563.31	25.229
563.51	27.417
563.72	31.713
563.92	22.789
564.12	30.415
564.33	26.493
564.53	23.628
564.73	22.983
564.94	26.594
565.14	26.088
565.35	25.263
565.55	31.147
565.75	23.439
565.96	23.077
566.16	25.663
566.36	22.984
566.57	37.069
566.77	23.208
566.97	30.988
567.18	21.746
567.38	25.301
567.58	24.583
567.79	23.821
567.99	23.049
568.19	26.170
568.40	23.608
568.60	21.395
568.80	24.095
569.01	22.298
569.21	28.432
569.41	23.269
569.62	27.715
569.82	24.689
570.02	21.078
570.23	26.010
570.43	24.275
570.63	22.899
570.84	23.179
571.04	25.117
571.24	21.586
571.45	24.908
571.65	20.854
571.85	31.025
572.05	20.200
572.26	21.251
572.46	27.952
572.66	27.059
572.87	22.828
573.07	23.550
573.27	21.651
573.48	27.140
573.68	16.746
573.88	22.058
574.09	22.379
574.29	22.334
574.49	22.189
574.69	19.362
574.90	24.305
575.10	21.136
575.30	18.546
575.51	17.706
575.71	22.880
575.91	28.797
576.11	21.956
576.32	18.676
576.52	19.055
576.72	25.782
576.93	24.482
577.13	29.517
577.33	24.896
577.53	25.781
577.74	18.844
577.94	28.558
578.14	17.100
578.35	20.131
578.55	21.329
578.75	26.558
578.95	25.303
579.16	23.314
579.36	18.725
579.56	24.572
579.76	25.844
579.97	20.416
580.17	26.757
580.37	23.134
580.57	24.187
580.78	29.009
580.98	24.707
581.18	31.204
581.38	25.433
581.59	33.241
581.79	30.273
581.99	23.112
582.19	26.211
582.40	30.887
582.60	29.866
582.80	26.830
583.00	26.117
583.21	36.415
583.41	29.313
583.61	29.712
583.81	29.548
584.02	33.388
584.22	28.833
584.42	27.066
584.62	27.502
584.83	25.745
585.03	28.166
585.23	28.868
585.43	30.911
585.63	26.919
585.84	27.194
586.04	27.412
586.24	27.240
586.44	27.537
586.65	25.913
586.85	30.373
587.05	27.468
587.25	23.377
587.45	32.478
587.66	23.714
587.86	33.847
588.06	20.987
588.26	26.663
588.47	27.018
588.67	21.324
588.87	20.928
589.07	26.178
589.27	28.063
589.48	37.087
589.68	27.542
589.88	24.391
590.08	20.134
590.28	22.552
590.49	24.612
590.69	20.779
590.89	25.062
591.09	23.434
591.29	25.883
591.50	20.449
591.70	28.783
591.90	26.365
592.10	21.188
592.30	24.759
592.50	27.716
592.71	24.930
592.91	23.757
593.11	24.905
593.31	24.784
593.51	24.294
593.72	24.662
593.92	23.785
594.12	21.285
594.32	25.065
594.52	21.153
594.72	23.203
594.93	28.550
595.13	20.885
595.33	27.367
595.53	29.277
595.73	24.538
595.93	30.328
596.14	26.499
596.34	23.042
596.54	29.791
596.74	29.269
596.94	37.557
597.14	21.540
597.35	30.348
597.55	22.604
597.75	21.686
597.95	24.260
598.15	29.781
598.35	28.015
598.55	24.130
598.76	26.647
598.96	29.418
599.16	26.481
599.36	28.709
599.56	31.545
599.76	25.329
599.96	23.888
600.17	31.705
600.37	33.175
600.57	23.591
600.77	30.538
600.97	29.855
601.17	24.626
601.37	34.398
601.57	35.295
601.78	29.510
601.98	23.257
602.18	25.122
602.38	26.339
602.58	28.524
602.78	38.263
602.98	28.845
603.18	33.456
603.39	27.469
603.59	24.755
603.79	30.926
603.99	30.184
604.19	29.467
604.39	27.143
604.59	30.351
604.79	24.707
604.99	40.689
605.19	30.065
605.40	35.770
605.60	26.643
605.80	31.082
606.00	24.127
606.20	35.528
606.40	21.890
606.60	27.889
606.80	27.206
607.00	32.412
607.20	27.058
607.41	32.574
607.61	29.005
607.81	28.747
608.01	25.233
608.21	26.186
608.41	23.743
608.61	26.549
608.81	31.428
609.01	31.096
609.21	25.122
609.41	30.436
609.61	36.293
609.81	31.955
610.02	36.107
610.22	30.949
610.42	33.084
610.62	28.098
610.82	28.892
611.02	31.187
611.22	33.026
611.42	28.822
611.62	27.212
611.82	37.539
612.02	28.383
612.22	27.331
612.42	28.355
612.62	31.335
612.82	31.108
613.02	32.836
613.23	29.113
613.43	26.455
613.63	35.494
613.83	25.480
614.03	32.118
614.23	31.840
614.43	24.702
614.63	33.999
614.83	30.321
615.03	35.336
615.23	31.308
615.43	27.974
615.63	30.302
615.83	32.888
616.03	28.556
616.23	28.476
616.43	36.566
616.63	29.861
616.83	31.051
617.03	58.640
617.23	35.803
617.43	32.415
617.63	28.381
617.83	45.328
618.03	31.278
618.23	45.266
618.43	30.977
618.63	38.382
618.83	34.454
619.03	35.293
619.23	38.868
619.43	33.022
619.63	35.511
619.83	32.264
620.03	27.855
620.23	33.732
620.43	36.276
620.63	37.841
620.83	33.724
621.03	35.508
621.23	35.311
621.43	33.956
621.63	34.099
621.83	32.941
622.03	42.937
622.23	39.622
622.43	32.667
622.63	34.201
622.83	29.477
623.03	33.058
623.23	35.817
623.43	28.978
623.63	29.836
623.83	30.646
624.03	36.152
624.23	28.928
624.43	29.621
624.63	30.809
624.83	32.003
625.03	32.258
625.23	33.642
625.43	37.895
625.63	26.646
625.83	29.582
626.03	29.219
626.23	30.924
626.43	41.261
626.63	29.318
626.83	25.271
627.03	29.026
627.23	27.704
627.43	30.888
627.63	23.550
627.83	27.929
628.03	26.721
628.23	26.542
628.43	33.454
628.62	28.395
628.82	29.199
629.02	39.945
629.22	32.342
629.42	32.364
629.62	24.378
629.82	27.815
630.02	29.953
630.22	28.617
630.42	30.624
630.62	28.560
630.82	29.309
631.02	24.785
631.22	28.148
631.42	33.805
631.62	28.468
631.81	32.485
632.01	29.068
632.21	31.947
632.41	28.583
632.61	32.794
632.81	36.390
633.01	35.096
633.21	30.633
633.41	28.575
633.61	31.935
633.81	33.876
634.01	34.710
634.21	35.493
634.40	46.453
634.60	37.411
634.80	40.930
635.00	36.087
635.20	33.571
635.40	33.716
635.60	35.685
635.80	36.732
636.00	42.258
636.20	34.969
636.39	40.495
636.59	42.034
636.79	48.923
636.99	38.846
637.19	39.665
637.39	41.055
637.59	37.320
637.79	48.368
637.99	36.998
638.18	37.811
638.38	39.242
638.58	41.367
638.78	45.469
638.98	41.426
639.18	45.200
639.38	36.604
639.58	40.892
639.78	40.875
639.97	43.719
640.17	39.009
640.37	38.273
640.57	41.936
640.77	44.952
640.97	46.793
641.17	44.948
641.36	43.627
641.56	48.496
641.76	39.982
641.96	43.531
642.16	49.736
642.36	45.083
642.56	43.384
642.75	46.746
642.95	45.564
643.15	48.617
643.35	48.191
643.55	50.798
643.75	49.084
643.95	52.128
644.14	45.745
644.34	46.651
644.54	46.832
644.74	53.212
644.94	45.933
645.14	52.796
645.33	54.082
645.53	42.498
645.73	42.255
645.93	45.297
646.13	41.318
646.33	50.569
646.52	44.656
646.72	44.023
646.92	47.092
647.12	36.392
647.32	40.431
647.52	37.436
647.71	45.853
647.91	45.826
648.11	42.257
648.31	40.465
648.51	42.120
648.70	45.350
648.90	38.796
649.10	41.398
649.30	45.670
649.50	42.889
649.69	43.607
649.89	43.240
650.09	45.097
650.29	60.388
650.49	46.576
650.68	42.871
650.88	42.538
651.08	43.788
651.28	49.563
651.48	43.613
651.67	49.900
651.87	45.205
652.07	49.845
652.27	54.353
652.47	49.750
652.66	47.382
652.86	51.713
653.06	53.957
653.26	53.520
653.46	59.932
653.65	49.343
653.85	52.262
654.05	53.136
654.25	52.540
654.44	51.052
654.64	52.448
654.84	48.726
655.04	49.400
655.24	52.153
655.43	45.374
655.63	48.823
655.83	45.402
656.03	45.434
656.22	41.421
656.42	48.252
656.62	50.720
656.82	46.888
657.01	47.824
657.21	49.477
657.41	51.639
657.61	51.841
657.80	48.977
658.00	49.031
658.20	53.604
658.40	56.523
658.59	50.900
658.79	56.828
658.99	69.125
659.19	55.718
659.38	59.878
659.58	57.476
659.78	64.546
659.98	50.538
660.17	53.336
660.37	60.950
660.57	53.274
660.76	58.270
660.96	58.619
661.16	61.926
661.36	56.076
661.55	65.402
661.75	63.298
661.95	52.954
662.15	66.730
662.34	53.676
662.54	73.073
662.74	61.228
662.93	64.241
663.13	62.050
663.33	72.828
663.53	57.750
663.72	57.132
663.92	58.628
664.12	59.408
664.31	58.504
664.51	64.808
664.71	64.147
664.90	62.188
665.10	64.561
665.30	65.219
665.50	64.628
665.69	61.817
665.89	58.369
666.09	63.400
666.28	68.477
666.48	63.196
666.68	61.734
666.87	60.297
667.07	68.660
667.27	68.808
667.46	66.097
667.66	65.364
667.86	61.012
668.05	66.599
668.25	67.840
668.45	64.378
668.65	66.490
668.84	69.170
669.04	67.962
669.24	68.451
669.43	69.935
669.63	71.920
669.83	63.545
670.02	65.961
670.22	72.155
670.42	72.414
670.61	65.420
670.81	72.522
671.00	74.412
671.20	63.438
671.40	67.052
671.59	70.445
671.79	66.242
671.99	65.387
672.18	71.240
672.38	75.815
672.58	74.062
672.77	72.722
672.97	73.336
673.17	68.444
673.36	67.028
673.56	72.780
673.76	70.026
673.95	77.400
674.15	71.573
674.34	74.332
674.54	67.124
674.74	76.297
674.93	72.392
675.13	74.949
675.33	74.634
675.52	74.401
675.72	71.383
675.91	72.746
676.11	70.355
676.31	76.221
676.50	70.908
676.70	68.807
676.90	74.019
677.09	77.443
677.29	68.963
677.48	77.228
677.68	69.506
677.88	68.599
678.07	71.905
678.27	75.804
678.46	72.822
678.66	75.574
678.86	72.232
679.05	73.590
679.25	78.227
679.44	71.318
679.64	70.664
679.84	67.356
680.03	73.311
680.23	72.422
680.42	76.452
680.62	71.866
680.82	69.285
681.01	73.176
681.21	74.123
681.40	73.913
681.60	68.735
681.80	73.850
681.99	76.364
682.19	77.387
682.38	71.600
682.58	75.655
682.77	70.762
682.97	71.452
683.17	71.622
683.36	66.754
683.56	72.604
683.75	73.366
683.95	69.297
684.14	74.209
684.34	72.065
684.53	73.626
684.73	72.435
684.93	67.711
685.12	72.543
685.32	70.248
685.51	73.563
685.71	68.962
685.90	62.894
686.10	64.587
686.29	54.446
686.49	49.341
686.69	51.222
686.88	39.683
687.08	39.835
687.27	39.285
687.47	40.218
687.66	39.371
687.86	40.620
688.05	38.808
688.25	35.026
688.44	39.700
688.64	36.889
688.83	31.658
689.03	42.456
689.23	38.185
689.42	44.474
689.62	40.823
689.81	34.232
690.01	35.714
690.20	36.956
690.40	53.315
690.59	45.471
690.79	44.244
690.98	51.171
691.18	54.606
691.37	47.681
691.57	48.451
691.76	52.556
691.96	53.810
692.15	50.675
692.35	46.733
692.54	48.831
692.74	52.937
692.93	50.428
693.13	50.098
693.32	56.754
693.52	51.367
693.71	48.207
693.91	47.994
694.10	53.766
694.30	54.483
694.49	60.657
694.69	49.890
694.88	56.362
695.08	61.304
695.27	55.699
695.47	62.056
695.66	55.043
695.86	58.199
696.05	65.936
696.25	66.361
696.44	67.355
696.63	64.364
696.83	74.475
697.02	76.602
697.22	62.577
697.41	68.258
697.61	68.220
697.80	67.382
698.00	79.893
698.19	68.171
698.39	80.674
698.58	54.184
698.78	80.117
698.97	59.616
699.17	80.653
699.36	57.181
699.55	60.322
699.75	56.984
699.94	54.555
700.14	53.873
700.33	57.995
700.53	60.342
700.72	58.384
700.92	57.141
701.11	57.311
701.30	57.014
701.50	54.310
701.69	55.112
701.89	63.788
702.08	58.311
702.28	55.980
702.47	60.117
702.66	63.623
702.86	68.374
703.05	68.959
703.25	76.286
703.44	62.257
703.64	69.374
703.83	66.005
704.02	62.418
704.22	67.345
704.41	65.507
704.61	68.571
704.80	62.483
704.99	71.290
705.19	65.936
705.38	62.881
705.58	63.336
705.77	60.489
705.96	68.719
706.16	70.662
706.35	64.892
706.55	73.710
706.74	69.543
706.93	67.441
707.13	61.753
707.32	71.973
707.52	78.160
707.71	70.022
707.90	72.349
708.10	78.280
708.29	69.816
708.49	62.740
708.68	80.342
708.87	69.590
709.07	76.085
709.26	74.322
709.46	74.467
709.65	73.541
709.84	76.690
710.04	73.536
710.23	73.984
710.42	72.695
710.62	68.829
710.81	69.159
711.00	80.786
711.20	70.060
711.39	76.433
711.59	80.929
711.78	78.649
711.97	73.995
712.17	71.539
712.36	78.405
712.55	70.766
712.75	78.730
712.94	78.785
713.13	74.166
713.33	73.800
713.52	70.048
713.71	66.487
713.91	75.039
714.10	66.049
714.29	73.491
714.49	67.899
714.68	69.135
714.87	65.184
715.07	74.586
715.26	63.420
715.45	62.333
715.65	56.079
715.84	66.660
716.03	56.873
716.23	50.592
716.42	46.437
716.61	44.966
716.81	40.400
717.00	40.320
717.19	37.886
717.39	34.804
717.58	38.224
717.77	43.295
717.97	32.746
718.16	38.139
718.35	29.660
718.55	35.261
718.74	29.363
718.93	34.801
719.13	34.109
719.32	26.089
719.51	27.339
719.70	40.570
719.90	44.068
720.09	34.841
720.28	32.379
720.48	36.486
720.67	40.474
720.86	43.578
721.05	50.177
721.25	54.003
721.44	52.713
721.63	55.351
721.83	52.075
722.02	60.361
722.21	55.945
722.40	54.902
722.60	52.861
722.79	43.640
722.98	42.464
723.18	40.926
723.37	45.721
723.56	36.788
723.75	41.519
723.95	48.742
724.14	32.993
724.33	43.627
724.52	36.200
724.72	36.639
724.91	50.534
725.10	38.351
725.29	38.579
725.49	39.940
725.68	42.508
725.87	39.602
726.07	36.208
726.26	41.294
726.45	38.506
726.64	43.305
726.84	40.571
727.03	40.027
727.22	33.836
727.41	50.950
727.60	46.347
727.80	43.464
727.99	46.054
728.18	52.639
728.37	46.801
728.57	41.377
728.76	44.551
728.95	56.534
729.14	46.898
729.34	43.904
729.53	42.850
729.72	44.756
729.91	39.953
730.10	38.048
730.30	37.672
730.49	39.745
730.68	40.416
730.87	37.469
731.07	43.722
731.26	46.512
731.45	49.369
731.64	47.481
731.83	55.710
732.03	55.002
732.22	52.442
732.41	73.576
732.60	67.677
732.79	64.322
732.99	63.283
733.18	68.193
733.37	59.915
733.56	69.289
733.75	65.209
733.95	68.233
734.14	64.959
734.33	64.217
734.52	73.175
734.71	66.054
734.90	61.216
735.10	66.873
735.29	69.611
735.48	62.114
735.67	62.660
735.86	61.057
736.06	64.903
736.25	64.530
736.44	57.273
736.63	62.368
736.82	62.841
737.01	69.442
737.21	60.958
737.40	78.555
737.59	74.366
737.78	73.666
737.97	64.522
738.16	72.257
738.36	67.499
738.55	71.690
738.74	78.341
738.93	66.604
739.12	74.683
739.31	68.457
739.50	71.500
739.70	76.500
739.89	71.953
740.08	72.918
740.27	78.579
740.46	79.619
740.65	78.935
740.84	75.819
741.04	90.496
741.23	76.884
741.42	77.647
741.61	76.683
741.80	89.186
741.99	76.351
742.18	79.496
742.37	76.210
742.57	80.609
742.76	77.000
742.95	86.798
743.14	78.157
743.33	88.456
743.52	87.729
743.71	88.441
743.90	82.197
744.10	87.235
744.29	78.311
744.48	88.853
744.67	82.366
744.86	84.342
745.05	90.235
745.24	76.408
745.43	81.139
745.62	85.154
745.81	83.976
746.01	93.036
746.20	81.970
746.39	90.856
746.58	80.382
746.77	87.294
746.96	90.265
747.15	82.640
747.34	84.166
747.53	89.861
747.72	84.689
747.91	90.185
748.11	79.560
748.30	89.760
748.49	95.112
748.68	88.395
748.87	91.774
749.06	79.296
749.25	84.695
749.44	89.284
749.63	84.558
749.82	95.140
750.01	87.631
750.20	87.195
750.39	82.925
750.58	77.961
750.78	86.337
750.97	85.592
751.16	81.149
751.35	77.891
751.54	94.175
751.73	82.356
751.92	76.836
752.11	76.797
752.30	85.606
752.49	83.699
752.68	81.973
752.87	86.787
753.06	84.934
753.25	87.371
753.44	75.757
753.63	95.067
753.82	83.262
754.01	82.006
754.20	86.753
754.39	86.243
754.58	93.147
754.77	84.208
754.96	83.291
755.15	79.866
755.34	84.069
755.53	90.746
755.73	78.703
755.92	76.681
756.11	87.449
756.30	81.449
756.49	77.558
756.68	81.937
756.87	84.715
757.06	82.516
757.25	82.524
757.44	75.468
757.63	81.114
757.82	80.580
758.01	82.278
758.20	74.540
758.39	85.832
758.58	72.374
758.77	61.051
758.96	68.373
759.15	52.541
759.34	47.036
759.53	47.043
759.72	49.615
759.91	32.155
760.10	37.911
760.29	38.489
760.47	29.647
760.66	26.654
760.85	23.039
761.04	19.261
761.23	26.106
761.42	18.864
761.61	20.218
761.80	13.821
761.99	14.769
762.18	19.709
762.37	28.846
762.56	24.276
762.75	21.480
762.94	25.697
763.13	15.784
763.32	19.469
763.51	23.470
763.70	18.368
763.89	15.515
764.08	18.566
764.27	22.917
764.46	33.867
764.65	13.041
764.84	22.270
765.03	14.515
765.22	16.598
765.40	22.489
765.59	27.858
765.78	30.968
765.97	26.605
766.16	32.261
766.35	34.445
766.54	32.032
766.73	46.923
766.92	46.522
767.11	38.550
767.30	54.578
767.49	51.060
767.68	62.865
767.87	60.796
768.05	58.746
768.24	53.825
768.43	57.392
768.62	72.711
768.81	68.364
769.00	68.301
769.19	65.038
769.38	71.258
769.57	70.910
769.76	73.789
769.95	72.993
770.14	74.614
770.32	75.305
770.51	68.693
770.70	71.798
770.89	81.562
771.08	71.712
771.27	69.661
771.46	74.306
771.65	76.253
771.84	74.413
772.02	82.660
772.21	69.493
772.40	82.104
772.59	74.653
772.78	78.955
772.97	74.762
773.16	82.822
773.35	82.900
773.54	73.036
773.72	74.576
773.91	71.972
774.10	75.114
774.29	75.919
774.48	81.551
774.67	83.865
774.86	75.464
775.04	78.269
775.23	79.335
775.42	81.966
775.61	84.617
775.80	75.887
775.99	91.480
776.18	84.204
776.36	85.408
776.55	76.641
776.74	76.148
776.93	74.315
777.12	77.365
777.31	90.640
777.50	83.303
777.68	86.871
777.87	88.300
778.06	82.022
778.25	77.890
778.44	77.458
778.63	75.221
778.81	82.551
779.00	79.216
779.19	84.974
779.38	78.542
779.57	72.065
779.76	84.176
779.94	83.731
780.13	75.068
780.32	75.890
780.51	72.453
780.70	82.499
780.88	81.239
781.07	81.247
781.26	77.908
781.45	77.029
781.64	86.085
781.82	74.274
782.01	74.977
782.20	104.214
782.39	81.657
782.58	84.922
782.77	83.303
782.95	79.081
783.14	74.751
783.33	83.746
783.52	74.139
783.70	89.872
783.89	68.670
784.08	82.030
784.27	69.064
784.46	70.597
784.64	69.627
784.83	78.845
785.02	71.430
785.21	75.920
785.40	76.588
785.58	73.612
785.77	90.380
785.96	74.995
786.15	66.970
786.33	75.114
786.52	72.252
786.71	64.187
786.90	73.161
787.08	67.286
787.27	72.091
787.46	68.068
787.65	70.263
787.83	81.702
788.02	67.655
788.21	63.420
788.40	70.700
788.58	65.217
788.77	68.741
788.96	60.187
789.15	53.387
789.33	61.472
789.52	59.533
789.71	67.253
789.90	61.594
790.08	69.214
790.27	68.635
790.46	60.547
790.65	67.863
790.83	57.983
791.02	62.723
791.21	68.976
791.40	54.179
791.58	66.760
791.77	74.805
791.96	55.617
792.14	61.347
792.33	68.165
792.52	70.855
792.71	56.461
792.89	68.849
793.08	69.543
793.27	62.491
793.45	62.141
793.64	63.630
793.83	83.012
794.02	73.237
794.20	73.800
794.39	69.715
794.58	65.345
794.76	71.465
794.95	67.618
795.14	61.648
795.32	64.237
795.51	63.717
795.70	68.615
795.89	56.130
796.07	63.221
796.26	54.291
796.45	54.705
796.63	58.990
796.82	65.602
797.01	53.140
797.19	56.116
797.38	60.651
797.57	59.110
797.75	61.574
797.94	59.924
798.13	62.617
798.31	58.058
798.50	56.591
798.69	63.629
798.87	56.736
799.06	58.869
799.25	56.589
799.43	62.989
799.62	57.473
799.81	62.725
799.99	62.024
800.18	48.483
800.37	48.217
800.55	58.865
800.74	55.942
800.93	58.800
801.11	54.985
801.30	60.342
801.48	55.519
801.67	62.820
801.86	63.161
802.04	52.332
802.23	54.412
802.42	47.862
802.60	53.092
802.79	54.391
802.98	56.135
803.16	60.189
803.35	53.534
803.53	58.855
803.72	53.449
803.91	49.326
804.09	54.481
804.28	49.647
804.47	52.408
804.65	56.897
804.84	47.396
805.02	59.293
805.21	59.271
805.40	56.049
805.58	60.698
805.77	57.532
805.95	62.523
806.14	62.587
806.33	57.800
806.51	59.699
806.70	64.996
806.88	60.320
807.07	61.090
807.26	57.351
807.44	53.642
807.63	55.802
807.81	52.704
808.00	60.642
808.19	56.342
808.37	63.067
808.56	50.766
808.74	62.281
808.93	55.174
809.11	55.059
809.30	54.192
809.49	53.065
809.67	57.361
809.86	49.843
810.04	49.334
810.23	59.348
810.41	55.217
810.60	49.149
810.79	47.516
810.97	49.634
811.16	50.498
811.34	50.494
811.53	43.492
811.71	50.004
811.90	50.941
812.08	48.940
812.27	50.673
812.46	48.145
812.64	33.371
812.83	47.411
813.01	38.121
813.20	40.957
813.38	35.697
813.57	34.925
813.75	34.761
813.94	35.175
814.12	45.060
814.31	38.795
814.49	34.973
814.68	43.354
814.86	30.900
815.05	29.964
815.24	29.702
815.42	36.080
815.61	27.115
815.79	30.414
815.98	41.150
816.16	22.482
816.35	28.130
816.53	28.515
816.72	28.817
816.90	25.021
817.09	28.154
817.27	30.006
817.46	29.718
817.64	26.416
817.83	37.618
818.01	31.614
818.20	37.256
818.38	26.370
818.57	31.221
818.75	38.020
818.94	45.047
819.12	39.559
819.31	29.612
819.49	25.212
819.68	31.784
819.86	32.791
820.05	32.668
820.23	34.830
820.42	32.542
820.60	41.509
820.78	37.690
820.97	36.792
821.15	40.449
821.34	40.830
821.52	48.753
821.71	40.192
821.89	36.316
822.08	32.761
822.26	29.210
822.45	38.641
822.63	32.919
822.82	36.808
823.00	34.504
823.18	28.828
823.37	40.625
823.55	29.759
823.74	28.313
823.92	64.660
824.11	32.695
824.29	68.313
824.48	39.274
824.66	41.342
824.84	40.918
825.03	51.328
825.21	38.307
825.40	37.072
825.58	40.341
825.77	42.969
825.95	36.081
826.14	39.297
826.32	50.634
826.50	42.720
826.69	52.480
826.87	50.190
827.06	40.005
827.24	39.998
827.42	36.978
827.61	51.180
827.79	37.867
827.98	39.187
828.16	41.411
828.35	38.862
828.53	39.967
828.71	33.798
828.90	39.926
829.08	39.806
829.27	50.342
829.45	49.485
829.63	36.324
829.82	42.244
830.00	39.067
830.18	34.318
830.37	51.841
830.55	38.031
830.74	50.504
830.92	37.952
831.10	37.183
831.29	38.239
831.47	49.336
831.66	49.746
831.84	46.450
832.02	34.686
832.21	51.704
832.39	37.281
832.57	51.157
832.76	31.514
832.94	32.802
833.13	36.317
833.31	53.312
833.49	35.526
833.68	48.111
833.86	48.240
834.04	42.209
834.23	52.017
834.41	39.088
834.59	51.017
834.78	41.262
834.96	52.437
835.14	45.397
835.33	49.236
835.51	56.518
835.69	52.419
835.88	58.035
836.06	42.005
836.24	52.687
836.43	46.575
836.61	48.541
836.79	44.234
836.98	46.438
837.16	50.219
837.34	57.094
837.53	61.561
837.71	50.088
837.89	40.691
838.08	43.159
838.26	56.314
838.44	64.692
838.63	49.375
838.81	54.268
838.99	58.038
839.18	51.271
839.36	52.217
839.54	62.469
839.73	63.105
839.91	63.653
840.09	54.991
840.28	52.663
840.46	48.921
840.64	56.412
840.82	56.142
841.01	55.081
841.19	58.952
841.37	56.286
841.56	59.463
841.74	61.778
841.92	48.742
842.10	57.480
842.29	58.046
842.47	63.251
842.65	60.543
842.84	57.727
843.02	57.975
843.20	52.266
843.38	69.142
843.57	69.827
843.75	57.061
843.93	71.612
844.11	53.248
844.30	56.905
844.48	55.695
844.66	48.576
844.84	58.163
845.03	64.837
845.21	53.449
845.39	78.770
845.58	58.885
845.76	69.050
845.94	50.798
846.12	56.905
846.31	53.827
846.49	60.062
846.67	60.303
846.85	56.166
847.03	56.918
847.22	68.784
847.40	56.613
847.58	58.246
847.76	110.882
847.95	66.787
848.13	57.666
848.31	52.666
848.49	63.019
848.68	55.539
848.86	69.011
849.04	56.761
849.22	54.471
849.40	66.911
849.59	59.639
849.77	61.779
849.95	70.177
850.13	62.676
850.32	66.030
850.50	71.764
850.68	58.620
850.86	55.412
851.04	61.986
851.23	64.698
851.41	63.681
851.59	50.006
851.77	55.642
851.95	54.529
852.14	55.477
852.32	46.332
852.50	51.518
852.68	56.044
852.86	57.265
853.04	58.767
853.23	62.010
853.41	50.694
853.59	57.046
853.77	48.113
853.95	51.595
854.14	56.248
854.32	62.704
854.50	58.171
854.68	50.303
854.86	50.298
855.04	56.932
855.23	54.722
855.41	56.777
855.59	59.142
855.77	48.049
855.95	63.877
856.13	52.946
856.31	72.156
856.50	54.073
856.68	57.443
856.86	57.572
857.04	65.148
857.22	74.997
857.40	56.667
857.59	61.434
857.77	68.307
857.95	52.986
858.13	62.341
858.31	57.956
858.49	57.375
858.67	59.002
858.85	51.286
859.04	53.814
859.22	63.246
859.40	54.964
859.58	55.901
859.76	51.793
859.94	49.960
860.12	66.308
860.30	52.933
860.49	80.663
860.67	59.847
860.85	65.092
861.03	58.588
861.21	62.159
861.39	56.167
861.57	55.019
861.75	63.552
861.93	54.297
862.12	69.249
862.30	69.310
862.48	51.343
862.66	61.346
862.84	58.443
863.02	57.270
863.20	61.408
863.38	60.661
863.56	64.335
863.74	51.768
863.92	53.565
864.11	56.474
864.29	64.876
864.47	69.313
864.65	58.192
864.83	57.275
865.01	49.289
865.19	59.945
865.37	71.419
865.55	56.048
865.73	61.403
865.91	62.518
866.09	55.465
866.27	51.024
866.45	53.303
866.64	57.468
866.82	59.479
867.00	49.675
867.18	46.459
867.36	63.069
867.54	48.965
867.72	54.379
867.90	57.414
868.08	54.690
868.26	74.382
868.44	59.350
868.62	61.022
868.80	60.182
868.98	62.255
869.16	57.919
869.34	60.817
869.52	74.397
869.70	83.094
869.88	73.736
870.06	52.597
870.24	63.088
870.42	56.216
870.60	61.180
870.78	59.800
870.96	65.788
871.14	52.583
871.32	62.575
871.50	54.065
871.68	52.035
871.86	59.864
872.04	57.441
872.22	56.944
872.40	58.765
872.58	54.809
872.76	53.509
872.94	52.414
873.12	54.842
873.30	68.026
873.48	58.681
873.66	64.193
873.84	55.431
874.02	57.112
874.20	59.511
874.38	58.585
874.56	68.105
874.74	55.086
874.92	52.527
875.10	57.461
875.28	56.475
875.46	53.417
875.64	71.842
875.82	51.854
876.00	55.878
876.18	73.791
876.36	63.467
876.54	64.043
876.72	67.461
876.90	52.118
877.08	54.131
877.26	68.549
877.44	55.449
877.62	50.798
877.80	66.018
877.98	56.362
878.16	57.878
878.34	58.685
878.52	64.838
878.70	61.957
878.88	60.211
879.05	59.948
879.23	52.531
879.41	53.840
879.59	56.121
879.77	64.574
879.95	50.832
880.13	61.760
880.31	57.620
880.49	47.811
880.67	47.017
880.85	48.422
881.03	53.154
881.21	62.456
881.39	49.227
881.56	52.955
881.74	54.992
881.92	55.379
882.10	117.378
882.28	51.447
882.46	66.089
882.64	61.194
882.82	53.502
883.00	50.916
883.18	52.635
883.36	50.265
883.53	47.063
883.71	64.039
883.89	60.113
884.07	71.792
884.25	45.346
884.43	56.733
884.61	54.621
884.79	46.748
884.97	50.130
885.14	48.967
885.32	38.290
885.50	52.395
885.68	39.580
885.86	51.299
886.04	48.189
886.22	47.557
886.40	45.791
886.57	43.375
886.75	37.818
886.93	52.332
887.11	48.520
887.29	59.426
887.47	49.243
887.65	74.370
887.82	46.991
888.00	49.102
888.18	55.212
888.36	47.920
888.54	45.453
888.72	44.596
888.90	44.555
889.07	43.390
889.25	47.422
889.43	45.440
889.61	46.631
889.79	56.124
889.97	44.966
890.14	57.006
890.32	44.117
890.50	39.360
890.68	50.137
890.86	49.486
891.04	43.351
891.21	46.843
891.39	51.661
891.57	52.517
891.75	39.415
891.93	49.076
892.10	53.191
892.28	53.541
892.46	49.635
892.64	42.750
892.82	56.080
893.00	38.527
893.17	45.711
893.35	35.011
893.53	54.625
893.71	41.179
893.89	35.009
894.06	41.478
894.24	42.487
894.42	38.108
894.60	40.633
894.78	32.247
894.95	31.128
895.13	70.669
895.31	38.530
895.49	30.833
895.66	35.119
895.84	34.492
896.02	34.274
896.20	28.868
896.38	26.751
896.55	27.279
896.73	37.879
896.91	25.506
897.09	33.502
897.26	23.584
897.44	28.248
897.62	37.222
897.80	21.189
897.97	35.494
898.15	21.191
898.33	34.562
898.51	29.258
898.68	27.137
898.86	33.384
899.04	39.142
899.22	28.495
899.39	30.269
899.57	30.377
899.75	28.213
899.93	18.797
900.10	29.247
900.28	29.039
900.46	34.240
900.64	36.851
900.81	34.272
900.99	27.657
901.17	25.192
901.34	25.333
901.52	33.601
901.70	28.216
901.88	30.026
902.05	32.269
902.23	32.926
902.41	30.076
902.58	21.299
902.76	33.084
902.94	30.834
903.12	36.191
903.29	33.723
903.47	35.323
903.65	28.024
903.82	40.774
904.00	45.183
904.18	41.243
904.36	33.618
904.53	40.515
904.71	38.288
904.89	36.334
905.06	52.255
905.24	45.714
905.42	32.678
905.59	41.858
905.77	37.035
905.95	33.337
906.12	33.353
906.30	34.954
906.48	28.674
906.65	39.112
906.83	44.839
907.01	37.820
907.18	27.400
907.36	36.551
907.54	21.982
907.71	36.583
907.89	34.019
908.07	20.727
908.24	38.812
908.42	34.992
908.60	28.276
908.77	32.573
908.95	39.982
909.13	31.091
909.30	38.467
909.48	27.567
909.66	27.231
909.83	26.978
910.01	19.474
910.18	36.545
910.36	25.861
910.54	34.610
910.71	25.180
910.89	28.456
911.07	31.400
911.24	40.982
911.42	21.950
911.59	43.314
911.77	26.626
911.95	23.827
912.12	28.140
912.30	30.625
912.48	30.383
912.65	37.632
912.83	34.645
913.00	30.404
913.18	25.685
913.36	29.245
913.53	27.219
913.71	36.441
913.88	41.197
914.06	26.066
914.24	39.494
914.41	28.382
914.59	33.444
914.76	29.603
914.94	30.555
915.12	28.857
915.29	28.537
915.47	40.049
915.64	29.375
915.82	34.750
915.99	23.176
916.17	29.419
916.35	32.635
916.52	27.166
916.70	27.881
916.87	20.665
917.05	39.757
917.22	31.814
917.40	43.317
917.58	37.790
917.75	27.672
917.93	34.530
918.10	27.925
918.28	34.362
918.45	37.928
918.63	23.458
918.80	22.311
918.98	40.445
919.16	34.594
919.33	36.477
919.51	33.726
919.68	42.320
919.86	27.009
920.03	37.128
920.21	39.757
920.38	44.495
920.56	32.113
920.73	40.179
920.91	34.077
921.08	34.678
921.26	46.019
921.44	43.636
921.61	32.717
921.79	72.262
921.96	39.411
922.14	28.941
922.31	31.581
922.49	36.626
922.66	37.406
922.84	26.026
923.01	40.878
923.19	47.271
923.36	34.756
923.54	45.713
923.71	59.134
923.89	51.733
924.06	55.437
924.24	47.138
924.41	36.732
924.59	28.775
924.76	34.746
924.94	53.682
925.11	34.645
925.29	43.305
925.46	29.328
925.64	36.489
925.81	33.586
925.98	37.425
926.16	47.845
926.33	32.741
926.51	36.695
926.68	48.643
926.86	23.561
927.03	37.970
927.21	50.347
927.38	55.185
927.56	30.611
927.73	53.890
927.91	26.159
928.08	25.013
928.26	31.233
928.43	23.663
928.60	34.429
928.78	39.247
928.95	36.895
929.13	24.286
929.30	33.105
929.48	42.275
929.65	26.845
929.83	62.136
930.00	23.792
930.17	25.939
930.35	34.077
930.52	36.201
930.70	55.221
930.87	32.534
931.05	26.461
931.22	22.249
931.39	28.283
931.57	30.390
931.74	31.996
931.92	26.749
932.09	35.568
932.26	46.348
932.44	36.059
932.61	20.441
932.79	46.866
932.96	30.298
933.13	27.811
933.31	39.676
933.48	47.773
933.66	46.820
933.83	41.656
934.00	28.571
934.18	30.274
934.35	35.793
934.53	24.631
934.70	41.474
934.87	24.537
935.05	42.711
935.22	32.585
935.40	32.368
935.57	30.248
935.74	31.032
935.92	31.922
936.09	45.614
936.26	34.018
936.44	40.043
936.61	41.589
936.79	46.796
936.96	33.676
937.13	46.425
937.31	33.053
937.48	47.209
937.65	32.248
937.83	30.310
938.00	34.986
938.17	41.706
938.35	46.812
938.52	32.058
938.69	45.372
938.87	37.461
939.04	35.079
939.21	47.993
939.39	26.541
939.56	37.746
939.73	47.495
939.91	35.764
940.08	50.597
940.25	51.650
940.43	32.167
940.60	44.116
940.77	35.281
940.95	51.403
941.12	56.960
941.29	45.475
941.47	38.297
941.64	49.861
941.81	42.598
941.99	50.421
942.16	58.642
942.33	34.380
942.51	41.789
942.68	43.595
942.85	29.817
943.02	44.204
943.20	32.335
943.37	38.283
943.54	72.223
943.72	42.788
943.89	53.143
944.06	50.761
944.23	41.935
944.41	38.481
944.58	31.938
944.75	45.574
944.93	35.663
945.10	54.592
945.27	47.126
945.44	47.428
945.62	49.506
945.79	51.211
945.96	30.275
946.14	41.166
946.31	50.040
946.48	54.118
946.65	47.312
946.83	48.936
947.00	47.174
947.17	52.393
947.34	39.743
947.52	54.603
947.69	30.153
947.86	35.185
948.03	39.116
948.21	63.271
948.38	43.973
948.55	39.316
948.72	51.808
948.90	50.165
949.07	46.666
949.24	60.597
949.41	49.082
949.58	42.611
949.76	55.957
949.93	59.639
950.10	46.259
950.27	46.518
950.45	62.042
950.62	52.812
950.79	47.071
950.96	24.707
951.13	26.317
951.31	91.330
951.48	52.856
951.65	66.232
951.82	50.833
952.00	40.337
952.17	34.309
952.34	44.172
952.51	45.272
952.68	35.193
952.86	37.032
953.03	36.831
953.20	54.486
953.37	34.868
953.54	32.214
953.71	74.412
953.89	45.616
954.06	47.892
954.23	59.538
954.40	63.291
954.57	53.524
954.75	59.681
954.92	45.633
955.09	52.445
955.26	37.163
955.43	69.991
955.60	55.575
955.78	38.691
955.95	33.061
956.12	47.118
956.29	55.006
956.46	54.974
956.63	52.813
956.81	62.448
956.98	67.128
957.15	93.503
957.32	57.640
957.49	42.523
957.66	41.635
957.83	52.352
958.01	42.652
958.18	39.568
958.35	67.867
958.52	54.395
958.69	37.851
958.86	40.709
959.03	76.421
959.20	54.987
959.38	66.840
959.55	57.043
959.72	73.133
959.89	44.145
960.06	52.865
960.23	49.830
960.40	66.002
960.57	57.134
960.75	59.933
960.92	40.609
961.09	79.454
961.26	55.093
961.43	57.444
961.60	59.327
961.77	61.127
961.94	59.085
962.11	61.947
962.28	67.976
962.46	54.005
962.63	57.620
962.80	70.030
962.97	33.478
963.14	52.547
963.31	56.749
963.48	65.959
963.65	93.936
963.82	67.721
963.99	75.519
964.16	51.905
964.33	56.820
964.50	53.078
964.68	86.897
964.85	53.045
965.02	85.233
965.19	80.774
965.36	67.209
965.53	63.172
965.70	58.239
965.87	77.084
966.04	39.641
966.21	90.562
966.38	49.981
966.55	56.151
966.72	71.740
966.89	42.500
967.06	75.228
967.23	60.038
967.40	77.480
967.57	52.988
967.74	62.993
967.91	76.979
968.09	62.148
968.26	88.476
968.43	64.478
968.60	57.772
968.77	49.121
968.94	100.837
969.11	73.903
969.28	48.314
969.45	79.208
969.62	63.542
969.79	51.249
969.96	70.350
970.13	51.542
970.30	83.011
970.47	66.880
970.64	65.911
970.81	66.216
970.98	63.937
971.15	94.158
971.32	112.883
971.49	83.516
971.66	65.145
971.83	85.567
972.00	67.304
972.17	77.322
972.34	61.490
972.51	54.798
972.68	63.282
972.85	86.415
973.02	59.710
973.19	85.731
973.36	79.872
973.53	59.182
973.70	65.623
973.86	110.617
974.03	87.838
974.20	88.325
974.37	97.799
974.54	102.612
974.71	92.912
974.88	76.267
975.05	67.037
975.22	86.941
975.39	110.257
975.56	88.795
975.73	56.718
975.90	75.131
976.07	56.816
976.24	84.479
976.41	89.496
976.58	96.060
976.75	78.434
976.92	71.574
977.08	48.207
977.25	123.704
977.42	78.578
977.59	77.895
977.76	89.321
977.93	103.838
978.10	67.068
978.27	79.344
978.44	85.145
978.61	72.706
978.78	105.636
978.95	80.184
979.12	68.895
979.28	76.317
979.45	89.995
979.62	80.296
979.79	87.226
979.96	79.447
980.13	70.193
980.30	65.620
980.47	76.980
980.64	76.792
980.81	76.217
980.97	90.280
981.14	178.177
981.31	73.950
981.48	64.656
981.65	65.363
981.82	71.302
981.99	72.267
982.16	60.638
982.32	125.427
982.49	255.439
982.66	67.014
982.83	106.004
983.00	120.983
983.17	93.809
983.34	81.226
983.51	101.067
983.67	104.761
983.84	93.625
984.01	128.923
984.18	88.720
984.35	105.377
984.52	95.372
984.68	81.493
984.85	76.400
985.02	108.081
985.19	89.191
985.36	98.525
985.53	121.449
985.70	132.059
985.86	87.006
986.03	109.776
986.20	100.558
986.37	103.283
986.54	94.159
986.71	92.177
986.87	104.240
987.04	67.436
987.21	113.758
987.38	126.185
987.55	100.742
987.71	100.455
987.88	90.800
988.05	129.424
988.22	95.576
988.39	86.581
988.55	122.859
988.72	132.539
988.89	127.019
989.06	119.531
989.23	113.789
989.39	122.424
989.56	145.563
989.73	148.666
989.90	158.791
990.07	115.186
990.23	109.705
990.40	143.616
990.57	114.199
990.74	131.504
990.90	122.968
991.07	110.442
991.24	86.069
991.41	173.677
991.58	141.253
991.74	133.559
991.91	132.280
992.08	131.832
992.25	95.069
992.41	121.516
992.58	124.427
992.75	96.813
992.92	128.398
993.08	108.962
993.25	103.038
993.42	108.813
993.59	109.474
993.75	146.554
993.92	152.634
994.09	180.182
994.26	128.888
994.42	171.052
994.59	136.886
994.76	139.109
994.93	103.020
995.09	164.178
995.26	207.626
995.43	188.293
995.59	157.228
995.76	136.440
995.93	149.840
996.10	130.591
996.26	170.209
996.43	120.431
996.60	130.940
996.76	154.282
996.93	130.855
997.10	126.168
997.27	167.592
997.43	143.342
997.60	145.620
997.77	154.209
997.93	153.127
998.10	86.343
998.27	146.409
998.43	167.105
998.60	127.879
998.77	176.313
998.94	120.920
999.10	234.193
999.27	148.251
999.44	118.201
999.60	131.853
999.77	149.313
999.94	147.130
1000.10	132.303
1000.27	155.246
1000.44	117.847
1000.60	251.305
1000.77	177.855
1000.94	133.871
1001.10	192.214
1001.27	135.091
1001.44	125.862
1001.60	136.660
1001.77	145.043
1001.94	124.608
1002.10	145.041
1002.27	156.196
1002.44	127.625
1002.60	145.427
1002.77	143.524
1002.93	129.402
1003.10	184.931
1003.27	115.319
1003.43	147.404
1003.60	182.034
1003.77	210.831
1003.93	174.232
1004.10	209.328
1004.26	104.691
1004.43	131.293
1004.60	231.554
1004.76	114.645
1004.93	194.574
1005.10	169.501
1005.26	165.012
1005.43	150.592
1005.59	135.374
1005.76	175.954
1005.93	209.006
1006.09	233.004
1006.26	125.725
1006.42	182.982
1006.59	182.971
1006.76	148.507
1006.92	137.217
1007.09	198.702
1007.25	156.453
1007.42	166.732
1007.59	191.899
1007.75	150.687
1007.92	178.621
1008.08	192.942
1008.25	163.058
1008.41	154.048
1008.58	233.788
1008.75	243.033
1008.91	197.267
1009.08	130.100
1009.24	170.484
1009.41	199.168
1009.57	164.627
1009.74	152.656
1009.91	163.142
1010.07	178.743
1010.24	159.871
1010.40	167.397
1010.57	144.187
1010.73	137.359
1010.90	205.106
1011.06	141.469
1011.23	205.057
1011.39	203.326
1011.56	269.036
1011.73	175.503
1011.89	234.459
1012.06	218.872
1012.22	211.422
1012.39	178.184
1012.55	177.652
1012.72	245.925
1012.88	220.778
1013.05	203.774
1013.21	222.848
1013.38	215.126
1013.54	160.951
1013.71	224.841
1013.87	214.648
1014.04	168.492
1014.20	196.863
1014.37	298.399
1014.53	232.319
1014.70	241.495
1014.86	147.537
1015.03	196.209
1015.19	181.567
1015.36	249.936
1015.52	219.446
1015.69	181.963
1015.85	238.973
1016.02	218.658
1016.18	276.516
1016.35	159.944
1016.51	292.127
1016.68	231.882
1016.84	286.996
1017.01	291.086
1017.17	187.703
1017.34	314.880
1017.50	198.239
1017.67	211.711
1017.83	205.765
1018.00	195.422
1018.16	296.540
1018.32	229.188
1018.49	182.461
1018.65	204.557
1018.82	198.580
1018.98	297.489
1019.15	243.598
1019.31	241.702
1019.48	228.918
1019.64	502.893
1019.81	320.248
1019.97	246.727
1020.13	317.669
1020.30	220.876
1020.46	282.488
1020.63	277.942
1020.79	229.422
1020.96	205.253
1021.12	303.683
1021.28	238.819
1021.45	354.599
1021.61	334.616
1021.78	277.951
1021.94	255.255
1022.10	299.709
1022.27	245.598
1022.43	345.805
1022.60	202.230
1022.76	227.128
1022.93	515.542
1023.09	217.982
1023.25	308.159
1023.42	370.971
1023.58	425.013
1023.75	304.542
1023.91	328.347
1024.07	226.406
1024.24	256.397
1024.40	200.103
1024.56	797.602
1024.73	318.653
1024.89	483.353
1025.06	341.267
1025.22	284.254
1025.38	309.947
1025.55	301.112
1025.71	241.377
1025.87	270.989
1026.04	449.899
1026.20	319.806
1026.37	291.323
1026.53	333.450
1026.69	396.306
1026.86	325.944
1027.02	257.970
1027.18	292.406
1027.35	524.324
1027.51	280.801
1027.67	395.688
1027.84	496.561
1028.00	306.673
1028.16	381.493
1028.33	351.985
1028.49	317.348
1028.65	202.593
1028.82	375.938
1028.98	476.662
1029.14	536.750
1029.31	342.112
1029.47	248.921
1029.63	395.581
1029.80	454.065
1029.96	301.838
1030.12	447.347
1030.29	378.960
1030.45	313.497
1030.61	354.723
1030.78	277.283
1030.94	426.846
1031.10	411.049
1031.27	322.701
1031.43	328.445
1031.59	266.499
1031.75	342.864
1031.92	684.690
1032.08	253.470
1032.24	324.128
1032.41	246.709
1032.57	446.951
1032.73	465.083
1032.90	335.425
1033.06	317.037
1033.22	250.869
1033.38	414.048
1033.55	947.428
1033.71	390.625
1033.87	407.108
1034.03	328.069
1034.20	503.260
1034.36	385.497
1034.52	469.593
1034.69	339.946
1034.85	436.939
1035.01	416.293
1035.17	349.473
1035.34	233.665
1035.50	424.676
1035.66	361.164
1035.82	400.912
1035.99	458.607
1036.15	315.384
1036.31	558.696
1036.47	389.789
1036.64	526.572
1036.80	523.188
1036.96	455.545
1037.12	414.598
1037.28	547.753
1037.45	389.474
1037.61	413.202
1037.77	560.283
1037.93	558.863
1038.10	323.006
1038.26	455.211
1038.42	450.529
1038.58	610.006
1038.74	379.572
1038.91	419.985
1039.07	421.338
1039.23	698.373
1039.39	435.681
1039.55	418.399
1039.72	456.861
1039.88	384.558
1040.04	434.379
1040.20	678.349
1040.36	413.586
1040.53	573.853
1040.69	652.789
1040.85	652.064
1041.01	687.599
1041.17	439.770
1041.34	591.832
1041.50	828.043
1041.66	308.905
1041.82	501.409
1041.98	591.942
1042.14	776.583
1042.31	570.900
1042.47	793.722
1042.63	530.875
1042.79	574.103
1042.95	478.272
1043.11	538.564
1043.28	458.699
1043.44	512.011
1043.60	519.282
1043.76	810.268
1043.92	1147.052
