345.80	12.128
346.01	12.203
346.23	12.278
346.44	4.301
346.66	10.223
346.87	728.827
347.09	4653.670
347.30	1748.943
347.52	-132.577
347.73	-225.514
347.95	-999.868
348.16	-160.209
348.38	-196.529
348.59	363.008
348.81	-298.334
349.02	-500.458
349.24	-387.150
349.45	-325.447
349.67	248.291
349.88	156.690
350.10	106.426
350.31	1044.438
350.53	297.116
350.74	142.300
350.96	303.818
351.17	106.500
351.38	1028.702
351.60	738.762
351.81	190.180
352.03	-743.249
352.24	251.961
352.46	304.139
352.67	172.284
352.89	184.648
353.10	303.489
353.32	171.188
353.53	3585.467
353.75	237.649
353.96	120.432
354.17	226.514
354.39	416.671
354.60	172.614
354.82	287.001
355.03	884.111
355.25	219.655
355.46	410.546
355.68	274.097
355.89	187.502
356.11	121.108
356.32	420.473
356.53	1074.315
356.75	3728.168
356.96	648.671
357.18	314.445
357.39	188.074
357.61	959.372
357.82	124.520
358.04	109.342
358.25	167.556
358.46	565.042
358.68	204.323
358.89	139.859
359.11	1015.730
359.32	133.392
359.54	603.408
359.75	204.092
359.96	213.856
360.18	515.022
360.39	82.548
360.61	187.527
360.82	228.597
361.04	326.023
361.25	321.459
361.46	590.064
361.68	241.287
361.89	151.978
362.11	249.129
362.32	749.551
362.54	273.699
362.75	145.012
362.96	150.079
363.18	156.229
363.39	202.639
363.61	198.478
363.82	6398.380
364.03	305.198
364.25	165.267
364.46	88.379
364.68	274.608
364.89	518.213
365.10	203.108
365.32	166.388
365.53	301.991
365.75	370.702
365.96	288.232
366.17	220.866
366.39	141.278
366.60	183.403
366.82	252.751
367.03	275.722
367.24	140.019
367.46	190.761
367.67	194.446
367.89	308.607
368.10	1345.211
368.31	317.745
368.53	447.473
368.74	299.689
368.96	186.342
369.17	436.494
369.38	140.582
369.60	387.792
369.81	729.320
370.03	277.866
370.24	221.146
370.45	347.631
370.67	184.914
370.88	226.214
371.09	1104.897
371.31	370.149
371.52	174.505
371.74	348.322
371.95	200.640
372.16	148.737
372.38	119.035
372.59	156.967
372.81	144.610
373.02	223.055
373.23	422.840
373.45	363.784
373.66	162.551
373.87	174.016
374.09	261.924
374.30	420.251
374.51	159.157
374.73	153.710
374.94	246.606
375.16	146.226
375.37	463.499
375.58	274.766
375.80	361.257
376.01	192.351
376.22	491.271
376.44	216.337
376.65	152.454
376.86	230.520
377.08	172.994
377.29	114.930
377.50	284.370
377.72	482.876
377.93	831.915
378.15	208.436
378.36	145.619
378.57	179.953
378.79	138.848
379.00	149.342
379.21	183.094
379.43	182.378
379.64	148.210
379.85	258.016
380.07	161.677
380.28	99.507
380.49	127.917
380.71	132.382
380.92	99.496
381.13	259.868
381.35	156.326
381.56	172.092
381.77	331.221
381.99	113.374
382.20	194.883
382.41	158.396
382.63	202.094
382.84	207.549
383.05	217.597
383.27	185.526
383.48	195.313
383.69	128.183
383.91	150.805
384.12	152.869
384.33	131.495
384.55	212.937
384.76	159.146
384.97	196.839
385.18	132.210
385.40	325.260
385.61	186.341
385.82	188.577
386.04	176.765
386.25	201.966
386.46	170.253
386.68	145.730
386.89	132.065
387.10	193.009
387.32	113.530
387.53	236.529
387.74	108.904
387.95	114.769
388.17	159.146
388.38	173.073
388.59	186.380
388.81	207.512
389.02	140.191
389.23	204.592
389.45	138.800
389.66	102.009
389.87	137.935
390.08	116.932
390.30	199.560
390.51	102.536
390.72	191.534
390.94	144.234
391.15	174.699
391.36	112.032
391.57	192.883
391.79	148.049
392.00	126.646
392.21	115.586
392.43	164.684
392.64	322.937
392.85	147.813
393.06	156.382
393.28	123.490
393.49	148.241
393.70	106.557
393.92	208.192
394.13	107.677
394.34	143.605
394.55	168.249
394.77	125.411
394.98	86.270
395.19	249.082
395.40	115.876
395.62	191.250
395.83	205.242
396.04	102.813
396.26	253.217
396.47	115.464
396.68	148.069
396.89	159.353
397.11	201.770
397.32	136.502
397.53	167.597
397.74	208.645
397.96	92.462
398.17	111.403
398.38	80.723
398.59	81.739
398.81	209.769
399.02	103.230
399.23	136.121
399.44	131.488
399.66	127.282
399.87	136.636
400.08	131.026
400.29	162.477
400.51	154.050
400.72	110.702
400.93	129.627
401.14	166.725
401.36	167.921
401.57	135.011
401.78	140.212
401.99	147.093
402.21	158.802
402.42	167.785
402.63	96.284
402.84	132.034
403.05	146.141
403.27	101.336
403.48	112.784
403.69	106.339
403.90	136.309
404.12	208.775
404.33	132.196
404.54	183.492
404.75	85.451
404.96	82.013
405.18	144.439
405.39	126.353
405.60	204.958
405.81	87.136
406.03	88.962
406.24	134.429
406.45	107.567
406.66	148.019
406.87	86.539
407.09	135.643
407.30	99.509
407.51	179.275
407.72	91.159
407.93	105.063
408.15	115.830
408.36	62.431
408.57	152.143
408.78	115.700
409.00	126.287
409.21	102.191
409.42	88.192
409.63	108.765
409.84	126.377
410.06	166.558
410.27	77.779
410.48	103.343
410.69	124.282
410.90	109.015
411.12	91.130
411.33	184.147
411.54	82.707
411.75	93.018
411.96	81.683
412.17	154.677
412.39	141.052
412.60	94.284
412.81	96.215
413.02	126.275
413.23	73.558
413.45	77.658
413.66	105.149
413.87	95.243
414.08	85.338
414.29	115.988
414.50	96.129
414.72	94.690
414.93	78.690
415.14	106.399
415.35	73.190
415.56	151.588
415.77	137.036
415.99	210.038
416.20	111.057
416.41	128.331
416.62	124.775
416.83	87.304
417.04	125.534
417.26	169.628
417.47	150.249
417.68	135.084
417.89	104.878
418.10	77.011
418.31	96.184
418.53	147.839
418.74	70.684
418.95	94.541
419.16	125.856
419.37	105.871
419.58	107.511
419.80	129.260
420.01	127.564
420.22	76.528
420.43	109.314
420.64	83.968
420.85	76.982
421.06	132.115
421.28	97.824
421.49	105.796
421.70	107.708
421.91	104.089
422.12	82.016
422.33	91.272
422.54	60.725
422.76	84.636
422.97	102.068
423.18	145.804
423.39	100.191
423.60	104.147
423.81	84.409
424.02	64.701
424.23	85.844
424.45	94.774
424.66	79.972
424.87	50.972
425.08	129.549
425.29	90.372
425.50	72.849
425.71	141.049
425.92	123.436
426.14	59.688
426.35	73.905
426.56	69.157
426.77	74.783
426.98	127.083
427.19	134.137
427.40	91.144
427.61	108.656
427.82	72.327
428.04	94.603
428.25	89.092
428.46	73.926
428.67	67.087
428.88	91.015
429.09	85.592
429.30	109.623
429.51	105.068
429.72	113.784
429.94	65.898
430.15	84.679
430.36	55.700
430.57	81.359
430.78	103.707
430.99	66.779
431.20	130.874
431.41	79.492
431.62	66.070
431.83	96.654
432.05	91.803
432.26	101.175
432.47	77.162
432.68	77.453
432.89	86.579
433.10	90.500
433.31	67.986
433.52	76.317
433.73	66.956
433.94	109.938
434.15	52.223
434.36	83.072
434.58	76.349
434.79	43.144
435.00	64.940
435.21	66.886
435.42	117.509
435.63	54.905
435.84	84.180
436.05	69.595
436.26	87.055
436.47	61.596
436.68	80.992
436.89	96.263
437.10	69.846
437.31	134.611
437.52	62.962
437.74	103.069
437.95	93.222
438.16	76.887
438.37	76.742
438.58	83.977
438.79	60.508
439.00	73.699
439.21	98.973
439.42	55.191
439.63	58.291
439.84	64.552
440.05	85.006
440.26	65.055
440.47	103.330
440.68	79.067
440.89	59.577
441.10	88.367
441.31	64.107
441.52	83.413
441.74	80.815
441.95	40.335
442.16	58.351
442.37	46.520
442.58	69.368
442.79	69.186
443.00	67.845
443.21	76.187
443.42	77.703
443.63	57.874
443.84	47.663
444.05	91.166
444.26	63.615
444.47	76.605
444.68	57.659
444.89	69.382
445.10	70.834
445.31	83.166
445.52	74.344
445.73	66.439
445.94	94.515
446.15	88.920
446.36	55.044
446.57	58.001
446.78	65.889
446.99	91.599
447.20	36.943
447.41	52.731
447.62	62.232
447.83	74.228
448.04	71.419
448.25	44.816
448.46	56.889
448.67	79.842
448.88	77.191
449.09	69.725
449.30	79.701
449.51	60.791
449.72	56.198
449.93	85.650
450.14	63.533
450.35	82.262
450.56	49.665
450.77	52.010
450.98	46.298
451.19	56.352
451.40	57.697
451.61	59.065
451.82	61.875
452.03	81.048
452.24	60.048
452.45	69.228
452.66	59.349
452.87	53.489
453.08	86.593
453.29	65.195
453.50	55.790
453.71	40.869
453.92	91.815
454.13	43.405
454.34	69.678
454.55	69.107
454.76	83.376
454.97	55.310
455.18	61.955
455.39	72.893
455.60	58.564
455.81	61.356
456.02	53.904
456.23	57.856
456.44	75.253
456.65	60.555
456.86	46.917
457.07	66.635
457.28	76.286
457.49	67.598
457.70	48.843
457.90	47.207
458.11	79.722
458.32	51.634
458.53	48.620
458.74	58.198
458.95	71.619
459.16	43.591
459.37	47.278
459.58	85.966
459.79	66.664
460.00	48.106
460.21	86.687
460.42	69.647
460.63	40.139
460.84	49.766
461.05	127.842
461.26	61.222
461.47	35.796
461.68	52.972
461.88	52.612
462.09	52.314
462.30	77.021
462.51	59.072
462.72	49.354
462.93	83.844
463.14	46.814
463.35	55.444
463.56	57.156
463.77	50.424
463.98	62.336
464.19	36.927
464.40	37.704
464.61	43.272
464.81	42.095
465.02	41.571
465.23	41.256
465.44	36.534
465.65	43.469
465.86	54.297
466.07	34.490
466.28	62.277
466.49	56.210
466.70	63.651
466.91	34.906
467.12	44.273
467.32	37.851
467.53	51.685
467.74	60.282
467.95	27.763
468.16	33.732
468.37	28.580
468.58	32.107
468.79	45.529
469.00	38.276
469.21	34.796
469.42	41.859
469.62	39.980
469.83	67.543
470.04	42.300
470.25	29.646
470.46	37.142
470.67	43.351
470.88	44.623
471.09	34.394
471.30	55.537
471.50	37.537
471.71	49.545
471.92	41.308
472.13	32.897
472.34	29.571
472.55	26.982
472.76	44.701
472.97	38.021
473.17	25.356
473.38	24.008
473.59	32.521
473.80	43.073
474.01	45.503
474.22	43.018
474.43	44.025
474.64	43.283
474.84	28.663
475.05	48.726
475.26	36.151
475.47	29.826
475.68	29.665
475.89	34.600
476.10	58.536
476.31	44.634
476.51	29.220
476.72	34.309
476.93	43.512
477.14	31.150
477.35	28.998
477.56	41.322
477.77	29.920
477.97	30.217
478.18	28.707
478.39	22.084
478.60	31.971
478.81	22.318
479.02	32.362
479.22	34.677
479.43	31.079
479.64	32.153
479.85	29.015
480.06	25.499
480.27	36.748
480.48	30.955
480.68	29.402
480.89	21.071
481.10	37.355
481.31	28.414
481.52	23.551
481.73	27.413
481.93	38.474
482.14	26.198
482.35	25.477
482.56	28.008
482.77	23.681
482.98	25.359
483.18	25.957
483.39	21.949
483.60	19.606
483.81	29.827
484.02	27.222
484.22	22.615
484.43	32.755
484.64	25.463
484.85	103.943
485.06	33.610
485.27	29.442
485.47	33.476
485.68	23.526
485.89	18.095
486.10	23.858
486.31	19.718
486.51	29.745
486.72	34.450
486.93	29.618
487.14	27.331
487.35	29.393
487.55	16.267
487.76	29.101
487.97	25.116
488.18	28.078
488.39	25.593
488.59	27.727
488.80	27.160
489.01	27.883
489.22	23.218
489.43	30.693
489.63	50.290
489.84	34.108
490.05	32.555
490.26	26.145
490.46	26.120
490.67	25.293
490.88	24.933
491.09	28.271
491.30	27.079
491.50	16.215
491.71	31.740
491.92	22.618
492.13	19.059
492.33	22.135
492.54	22.973
492.75	26.673
492.96	27.558
493.17	25.572
493.37	16.771
493.58	23.930
493.79	29.454
494.00	25.610
494.20	20.828
494.41	16.292
494.62	20.243
494.83	17.305
495.03	22.162
495.24	22.676
495.45	21.501
495.66	21.352
495.86	27.104
496.07	21.900
496.28	21.163
496.49	19.212
496.70	20.499
496.90	20.983
497.11	17.384
497.32	19.816
497.52	27.552
497.73	24.539
497.94	24.515
498.15	25.050
498.35	22.019
498.56	19.308
498.77	17.978
498.98	24.366
499.18	15.440
499.39	15.943
499.60	28.243
499.81	21.409
500.01	17.102
500.22	34.444
500.43	19.230
500.64	22.608
500.84	16.389
501.05	20.420
501.26	29.451
501.46	32.631
501.67	17.616
501.88	22.156
502.09	19.114
502.29	25.057
502.50	19.913
502.71	18.550
502.91	26.970
503.12	22.118
503.33	24.624
503.54	16.383
503.74	18.555
503.95	15.620
504.16	19.442
504.36	19.147
504.57	25.687
504.78	18.042
504.99	13.399
505.19	20.406
505.40	18.396
505.61	26.753
505.81	15.423
506.02	19.187
506.23	27.001
506.44	15.838
506.64	20.355
506.85	17.165
507.06	17.907
507.26	22.159
507.47	22.638
507.68	16.442
507.88	15.548
508.09	16.598
508.30	20.070
508.50	14.978
508.71	17.240
508.92	26.575
509.12	19.972
509.33	17.615
509.54	16.712
509.74	16.460
509.95	18.897
510.16	21.093
510.37	20.507
510.57	17.418
510.78	13.162
510.99	22.068
511.19	20.446
511.40	19.424
511.61	19.396
511.81	19.974
512.02	24.122
512.23	29.616
512.43	19.705
512.64	20.747
512.85	16.134
513.05	16.544
513.26	24.619
513.47	19.670
513.67	20.005
513.88	18.207
514.08	15.763
514.29	17.499
514.50	21.630
514.70	16.345
514.91	17.647
515.12	21.462
515.32	21.892
515.53	22.347
515.74	23.624
515.94	14.068
516.15	23.088
516.36	21.242
516.56	13.430
516.77	20.268
516.97	20.993
517.18	16.981
517.39	25.687
517.59	22.313
517.80	22.838
518.01	16.238
518.21	28.067
518.42	18.098
518.63	12.167
518.83	21.315
519.04	20.169
519.24	19.259
519.45	20.591
519.66	20.832
519.86	25.823
520.07	25.455
520.28	15.346
520.48	57.024
520.69	27.301
520.89	25.302
521.10	20.130
521.31	24.738
521.51	24.090
521.72	17.852
521.92	14.978
522.13	13.860
522.34	17.902
522.54	17.001
522.75	18.339
522.95	18.443
523.16	16.313
523.37	17.482
523.57	14.054
523.78	19.982
523.98	12.573
524.19	23.848
524.40	22.999
524.60	14.633
524.81	18.274
525.01	15.493
525.22	20.326
525.43	15.432
525.63	24.801
525.84	16.099
526.04	18.980
526.25	14.111
526.46	22.076
526.66	16.784
526.87	16.122
527.07	11.796
527.28	19.323
527.48	13.764
527.69	19.995
527.90	19.533
528.10	24.250
528.31	14.375
528.51	17.373
528.72	19.804
528.92	26.233
529.13	19.559
529.34	23.091
529.54	17.069
529.75	60.184
529.95	16.513
530.16	17.239
530.36	22.455
530.57	16.243
530.78	21.083
530.98	15.863
531.19	18.084
531.39	19.131
531.60	15.213
531.80	16.513
532.01	24.737
532.21	18.045
532.42	19.030
532.62	15.580
532.83	16.871
533.04	13.791
533.24	15.349
533.45	18.518
533.65	18.208
533.86	19.089
534.06	20.158
534.27	19.354
534.47	17.805
534.68	20.512
534.88	17.370
535.09	20.361
535.30	15.199
535.50	20.379
535.71	16.978
535.91	19.730
536.12	19.784
536.32	14.040
536.53	23.643
536.73	21.772
536.94	17.835
537.14	23.796
537.35	14.364
537.55	16.311
537.76	18.611
537.96	21.333
538.17	21.053
538.37	16.078
538.58	12.890
538.78	16.396
538.99	14.249
539.19	13.112
539.40	14.649
539.60	17.576
539.81	22.404
540.01	24.537
540.22	15.523
540.42	18.650
540.63	21.038
540.83	23.670
541.04	15.402
541.24	13.060
541.45	16.739
541.65	23.744
541.86	19.850
542.06	21.771
542.27	28.449
542.47	15.418
542.68	24.131
542.88	20.576
543.09	14.810
543.29	24.426
543.50	16.025
543.70	32.157
543.91	14.108
544.11	19.493
544.32	17.606
544.52	17.035
544.73	14.925
544.93	15.179
545.14	14.859
545.34	16.160
545.55	17.939
545.75	17.918
545.96	20.674
546.16	18.820
546.36	25.588
546.57	21.486
546.77	11.206
546.98	17.245
547.18	20.696
547.39	10.784
547.59	21.178
547.80	18.884
548.00	13.269
548.21	18.742
548.41	12.028
548.61	22.295
548.82	15.104
549.02	18.378
549.23	18.113
549.43	19.221
549.64	18.999
549.84	13.358
550.05	19.782
550.25	13.139
550.46	15.258
550.66	19.584
550.86	15.084
551.07	15.347
551.27	13.423
551.48	17.148
551.68	11.795
551.89	18.665
552.09	9.667
552.29	11.605
552.50	15.295
552.70	13.346
552.91	15.748
553.11	14.605
553.32	24.448
553.52	17.354
553.72	17.496
553.93	15.963
554.13	19.122
554.34	19.449
554.54	13.171
554.75	21.740
554.95	21.601
555.15	12.169
555.36	12.499
555.56	16.619
555.77	14.977
555.97	27.210
556.17	22.356
556.38	18.591
556.58	12.778
556.79	25.710
556.99	12.381
557.19	17.471
557.40	13.513
557.60	17.668
557.81	15.555
558.01	25.661
558.21	15.232
558.42	27.056
558.62	17.218
558.83	15.198
559.03	14.208
559.23	14.972
559.44	15.801
559.64	11.787
559.85	14.518
560.05	19.307
560.25	13.012
560.46	15.050
560.66	25.986
560.86	18.401
561.07	16.435
561.27	13.758
561.48	11.997
561.68	14.303
561.88	11.177
562.09	13.050
562.29	10.958
562.49	23.241
562.70	13.146
562.90	15.146
563.11	17.180
563.31	14.791
563.51	17.672
563.72	21.514
563.92	12.921
564.12	19.817
564.33	16.256
564.53	13.440
564.73	13.574
564.94	17.162
565.14	16.581
565.35	15.602
565.55	21.741
565.75	13.409
565.96	13.246
566.16	15.940
566.36	13.368
566.57	27.402
566.77	13.979
566.97	21.856
567.18	12.737
567.38	16.438
567.58	15.791
567.79	15.444
567.99	14.899
568.19	17.776
568.40	15.515
568.60	13.755
568.80	16.242
569.01	14.650
569.21	20.631
569.41	15.019
569.62	19.803
569.82	16.785
570.02	13.500
570.23	18.516
570.43	17.010
570.63	15.849
570.84	15.783
571.04	17.746
571.24	14.059
571.45	17.314
571.65	13.459
571.85	24.335
572.05	12.952
572.26	14.323
572.46	20.569
572.66	19.970
572.87	16.443
573.07	16.561
573.27	14.831
573.48	20.290
573.68	9.987
573.88	15.638
574.09	15.493
574.29	15.408
574.49	15.208
574.69	12.588
574.90	17.902
575.10	14.643
575.30	12.001
575.51	10.942
575.71	16.267
575.91	21.807
576.11	15.460
576.32	12.007
576.52	12.086
576.72	18.820
576.93	17.287
577.13	22.564
577.33	17.856
577.53	18.729
577.74	12.259
577.94	21.459
578.14	10.121
578.35	13.127
578.55	14.398
578.75	18.845
578.95	17.579
579.16	15.283
579.36	10.503
579.56	16.240
579.76	17.538
579.97	11.909
580.17	17.809
580.37	14.309
580.57	14.971
580.78	19.705
580.98	15.006
581.18	21.827
581.38	15.529
581.59	22.931
581.79	19.627
581.99	12.048
582.19	15.068
582.40	19.621
582.60	18.941
582.80	15.540
583.00	14.831
583.21	24.879
583.41	17.754
583.61	17.740
583.81	17.546
584.02	21.649
584.22	16.949
584.42	14.813
584.62	15.407
584.83	13.597
585.03	16.551
585.23	17.235
585.43	19.008
585.63	14.742
585.84	15.461
586.04	15.051
586.24	15.418
586.44	15.385
586.65	14.271
586.85	18.883
587.05	16.090
587.25	12.275
587.45	21.597
587.66	13.552
587.86	24.434
588.06	11.876
588.26	18.020
588.47	18.951
588.67	13.385
588.87	13.069
589.07	18.996
589.27	19.850
589.48	29.169
589.68	19.084
589.88	15.494
590.08	11.416
590.28	13.376
590.49	15.127
590.69	11.638
590.89	15.528
591.09	14.202
591.29	16.432
591.50	11.138
591.70	19.502
591.90	16.696
592.10	11.377
592.30	14.622
592.50	17.363
592.71	14.275
592.91	13.822
593.11	15.203
593.31	14.846
593.51	14.844
593.72	15.542
593.92	15.078
594.12	12.629
594.32	16.000
594.52	12.183
594.72	14.097
594.93	18.545
595.13	10.994
595.33	17.746
595.53	19.379
595.73	14.308
595.93	19.993
596.14	16.035
596.34	12.805
596.54	19.261
596.74	19.040
596.94	26.988
597.14	11.334
597.35	19.670
597.55	12.402
597.75	11.274
597.95	13.783
598.15	19.604
598.35	18.102
598.55	13.254
598.76	16.091
598.96	18.815
599.16	15.518
599.36	17.672
599.56	20.433
599.76	14.393
599.96	12.594
600.17	20.952
600.37	21.970
600.57	12.612
600.77	19.155
600.97	18.730
601.17	13.452
601.37	23.408
601.57	24.008
601.78	17.773
601.98	12.037
602.18	13.322
602.38	14.521
602.58	16.287
602.78	26.190
602.98	16.739
603.18	21.695
603.39	15.119
603.59	12.065
603.79	18.379
603.99	17.725
604.19	16.989
604.39	14.074
604.59	17.914
604.79	12.139
604.99	28.414
605.19	17.317
605.40	23.067
605.60	13.979
605.80	17.980
606.00	11.203
606.20	22.584
606.40	8.907
606.60	14.782
606.80	14.168
607.00	18.902
607.20	14.039
607.41	19.166
607.61	15.220
607.81	14.704
608.01	11.931
608.21	11.986
608.41	10.336
608.61	12.631
608.81	16.935
609.01	17.015
609.21	10.846
609.41	15.847
609.61	21.636
609.81	17.864
610.02	21.753
610.22	16.686
610.42	19.313
610.62	13.606
610.82	14.218
611.02	16.449
611.22	18.155
611.42	13.843
611.62	12.330
611.82	22.368
612.02	13.332
612.22	12.226
612.42	13.187
612.62	16.234
612.82	15.709
613.02	17.355
613.23	13.930
613.43	11.318
613.63	19.722
613.83	10.170
614.03	16.422
614.23	16.200
614.43	9.124
614.63	18.164
614.83	14.566
615.03	19.681
615.23	15.137
615.43	12.460
615.63	14.011
615.83	16.596
616.03	12.506
616.23	12.169
616.43	21.582
616.63	13.606
616.83	14.902
617.03	42.816
617.23	19.208
617.43	15.668
617.63	11.414
617.83	29.179
618.03	14.305
618.23	28.150
618.43	13.567
618.63	21.282
618.83	17.389
619.03	18.744
619.23	21.631
619.43	15.708
619.63	18.014
619.83	15.025
620.03	10.673
620.23	16.285
620.43	18.864
620.63	20.674
620.83	16.577
621.03	18.749
621.23	18.651
621.43	17.295
621.63	17.486
621.83	16.154
622.03	26.600
622.23	23.077
622.43	15.873
622.63	17.784
622.83	13.398
623.03	16.566
623.23	19.619
623.43	12.856
623.63	13.750
623.83	15.148
624.03	21.023
624.23	12.725
624.43	13.704
624.63	14.732
624.83	16.355
625.03	16.550
625.23	17.788
625.43	22.103
625.63	11.563
625.83	14.119
626.03	14.041
626.23	15.485
626.43	26.845
626.63	14.843
626.83	11.710
627.03	15.415
627.23	15.335
627.43	19.140
627.63	11.734
627.83	16.129
628.03	14.820
628.23	14.850
628.43	21.170
628.62	15.773
628.82	16.832
629.02	27.361
629.22	19.337
629.42	18.731
629.62	11.010
629.82	14.019
630.02	16.524
630.22	15.195
630.42	16.535
630.62	14.256
630.82	15.068
631.02	10.659
631.22	13.424
631.42	19.022
631.62	13.489
631.81	17.213
632.01	13.546
632.21	16.341
632.41	12.247
632.61	16.074
632.81	19.690
633.01	17.472
633.21	12.686
633.41	10.835
633.61	13.536
633.81	15.649
634.01	16.161
634.21	17.226
634.40	27.412
634.60	17.727
634.80	20.976
635.00	16.263
635.20	13.104
635.40	13.182
635.60	15.062
635.80	15.748
636.00	21.064
636.20	13.388
636.39	19.510
636.59	20.079
636.79	26.764
636.99	16.363
637.19	16.581
637.39	17.857
637.59	13.247
637.79	24.669
637.99	12.267
638.18	12.682
638.38	14.656
638.58	16.579
638.78	20.294
638.98	15.945
639.18	19.751
639.38	11.269
639.58	15.185
639.78	14.531
639.97	17.726
640.17	12.877
640.37	12.160
640.57	12.575
640.77	18.955
640.97	19.608
641.17	17.895
641.36	15.990
641.56	20.255
641.76	12.226
641.96	15.319
642.16	20.951
642.36	16.815
642.56	15.028
642.75	18.078
642.95	17.309
643.15	19.951
643.35	19.252
643.55	21.267
643.75	19.739
643.95	23.436
644.14	16.495
644.34	17.869
644.54	17.794
644.74	24.250
644.94	16.972
645.14	25.737
645.33	27.437
645.53	15.030
645.73	15.648
645.93	20.008
646.13	15.868
646.33	26.183
646.52	19.591
646.72	19.181
646.92	24.193
647.12	12.592
647.32	16.593
647.52	13.639
647.71	22.525
647.91	22.496
648.11	17.961
648.31	16.125
648.51	17.542
648.70	20.718
648.90	12.968
649.10	15.262
649.30	18.944
649.50	15.153
649.69	15.224
649.89	13.494
650.09	15.756
650.29	31.097
650.49	18.120
650.68	14.790
650.88	14.697
651.08	16.434
651.28	22.881
651.48	15.855
651.67	21.397
651.87	16.015
652.07	20.811
652.27	23.774
652.47	19.253
652.66	16.741
652.86	21.135
653.06	23.413
653.26	22.608
653.46	29.057
653.65	17.600
653.85	21.240
654.05	23.379
654.25	23.534
654.44	21.312
654.64	22.211
654.84	19.193
655.04	20.957
655.24	23.705
655.43	17.196
655.63	21.260
655.83	18.679
656.03	17.766
656.22	13.446
656.42	19.724
656.62	21.460
656.82	16.450
657.01	16.695
657.21	17.584
657.41	18.648
657.61	18.514
657.80	14.989
658.00	14.330
658.20	18.627
658.40	21.474
658.59	15.937
658.79	20.672
658.99	34.366
659.19	19.257
659.38	23.732
659.58	20.314
659.78	27.772
659.98	12.447
660.17	15.627
660.37	23.537
660.57	14.946
660.76	19.383
660.96	19.064
661.16	24.184
661.36	16.841
661.55	25.866
661.75	23.199
661.95	12.977
662.15	27.856
662.34	13.304
662.54	32.409
662.74	21.274
662.93	23.651
663.13	23.239
663.33	31.762
663.53	17.298
663.72	16.057
663.92	17.617
664.12	17.530
664.31	16.997
664.51	24.085
664.71	21.615
664.90	19.948
665.10	21.652
665.30	22.456
665.50	21.604
665.69	18.969
665.89	14.606
666.09	20.580
666.28	25.294
666.48	19.464
666.68	17.924
666.87	15.684
667.07	24.317
667.27	25.331
667.46	20.957
667.66	20.953
667.86	16.267
668.05	21.724
668.25	22.812
668.45	18.345
668.65	21.835
668.84	23.784
669.04	21.990
669.24	21.870
669.43	25.395
669.63	25.925
669.83	16.266
670.02	20.517
670.22	26.127
670.42	27.268
670.61	19.346
670.81	26.823
671.00	27.842
671.20	15.731
671.40	19.759
671.59	24.112
671.79	18.814
671.99	17.204
672.18	24.429
672.38	29.360
672.58	26.819
672.77	25.666
672.97	25.640
673.17	20.102
673.36	18.330
673.56	24.411
673.76	21.830
673.95	35.859
674.15	23.393
674.34	24.590
674.54	18.239
674.74	27.931
674.93	23.502
675.13	26.960
675.33	25.675
675.52	24.931
675.72	22.335
675.91	23.760
676.11	20.999
676.31	26.879
676.50	21.144
676.70	18.206
676.90	24.498
677.09	30.587
677.29	17.619
677.48	28.347
677.68	18.653
677.88	18.380
678.07	20.298
678.27	25.079
678.46	21.543
678.66	24.923
678.86	21.379
679.05	21.385
679.25	32.090
679.44	20.107
679.64	18.814
679.84	14.960
680.03	22.237
680.23	22.135
680.42	25.303
680.62	20.466
680.82	17.067
681.01	23.062
681.21	22.996
681.40	22.277
681.60	16.461
681.80	22.175
681.99	25.855
682.19	25.497
682.38	18.807
682.58	23.729
682.77	18.833
682.97	19.136
683.17	20.017
683.36	14.712
683.56	21.294
683.75	23.330
683.95	18.147
684.14	23.364
684.34	21.367
684.53	21.816
684.73	22.322
684.93	16.144
685.12	21.150
685.32	18.905
685.51	25.549
685.71	21.134
685.90	17.980
686.10	23.962
686.29	19.667
686.49	21.351
686.69	27.302
686.88	20.192
687.08	22.835
687.27	22.421
687.47	23.441
687.66	22.836
687.86	22.625
688.05	20.787
688.25	16.724
688.44	21.778
688.64	19.991
688.83	13.901
689.03	25.485
689.23	20.205
689.42	26.260
689.62	20.953
689.81	13.616
690.01	13.986
690.20	13.057
690.40	29.214
690.59	19.836
690.79	16.493
690.98	22.218
691.18	24.244
691.37	17.139
691.57	16.974
691.76	20.465
691.96	21.314
692.15	18.354
692.35	14.726
692.54	16.985
692.74	23.191
692.93	19.473
693.13	19.589
693.32	26.091
693.52	20.117
693.71	18.460
693.91	16.440
694.10	21.327
694.30	21.681
694.49	27.083
694.69	15.985
694.88	22.950
695.08	26.628
695.27	20.818
695.47	27.072
695.66	17.387
695.86	18.860
696.05	24.665
696.25	23.327
696.44	23.071
696.63	18.262
696.83	30.112
697.02	30.222
697.22	14.946
697.41	20.883
697.61	22.680
697.80	23.582
698.00	79.893
698.19	26.599
698.39	59.496
698.58	14.040
698.78	34.876
698.97	20.829
699.17	26.131
699.36	18.646
699.55	19.417
699.75	18.904
699.94	17.544
700.14	16.656
700.33	21.102
700.53	23.964
700.72	22.996
700.92	20.363
701.11	20.687
701.30	20.528
701.50	16.840
701.69	17.904
701.89	27.517
702.08	19.996
702.28	16.117
702.47	18.817
702.66	20.722
702.86	25.329
703.05	24.497
703.25	32.232
703.44	16.609
703.64	24.511
703.83	22.256
704.02	17.829
704.22	22.227
704.41	20.234
704.61	24.021
704.80	19.257
704.99	28.944
705.19	21.870
705.38	18.862
705.58	19.975
705.77	16.073
705.96	24.068
706.16	26.737
706.35	19.954
706.55	29.630
706.74	24.977
706.93	21.091
707.13	14.998
707.32	25.586
707.52	32.835
707.71	23.334
707.90	24.378
708.10	30.518
708.29	21.242
708.49	13.860
708.68	32.004
708.87	20.394
709.07	28.508
709.26	25.607
709.46	25.791
709.65	26.504
709.84	28.225
710.04	24.207
710.23	24.653
710.42	23.032
710.62	18.736
710.81	17.950
711.00	31.173
711.20	17.300
711.39	24.495
711.59	30.641
711.78	26.983
711.97	23.454
712.17	19.088
712.36	27.411
712.55	20.579
712.75	28.533
712.94	28.312
713.13	23.457
713.33	23.645
713.52	19.688
713.71	16.277
713.91	27.729
714.10	18.428
714.29	26.390
714.49	21.701
714.68	24.084
714.87	19.942
715.07	30.754
715.26	19.949
715.45	20.162
715.65	15.083
715.84	28.771
716.03	21.601
716.23	18.659
716.42	18.336
716.61	20.022
716.81	17.992
717.00	19.838
717.19	19.336
717.39	17.004
717.58	20.822
717.77	26.534
717.97	17.003
718.16	22.371
718.35	14.607
718.55	21.092
718.74	15.270
718.93	21.146
719.13	21.405
719.32	13.841
719.51	15.040
719.70	28.632
719.90	32.041
720.09	21.775
720.28	17.180
720.48	19.095
720.67	20.771
720.86	21.610
721.05	25.384
721.25	26.597
721.44	23.179
721.63	25.351
721.83	20.399
722.02	28.754
722.21	23.563
722.40	25.480
722.60	23.140
722.79	16.189
722.98	16.988
723.18	17.446
723.37	23.458
723.56	15.764
723.75	21.437
723.95	28.813
724.14	13.839
724.33	24.571
724.52	17.235
724.72	17.564
724.91	30.167
725.10	19.147
725.29	19.384
725.49	21.491
725.68	23.368
725.87	20.011
726.07	17.016
726.26	20.941
726.45	18.168
726.64	23.326
726.84	20.276
727.03	21.075
727.22	15.181
727.41	32.657
727.60	26.229
727.80	22.382
727.99	24.636
728.18	30.520
728.37	23.801
728.57	19.431
728.76	23.862
728.95	35.169
729.14	25.668
729.34	23.159
729.53	21.122
729.72	23.317
729.91	18.086
730.10	16.281
730.30	16.671
730.49	18.086
730.68	19.101
730.87	15.953
731.07	22.000
731.26	23.127
731.45	24.498
731.64	21.228
731.83	26.234
732.03	23.456
732.22	19.322
732.41	40.038
732.60	33.079
732.79	29.582
732.99	24.736
733.18	28.359
733.37	18.895
733.56	26.541
733.75	21.647
733.95	24.615
734.14	20.839
734.33	20.324
734.52	30.018
734.71	23.949
734.90	18.289
735.10	24.242
735.29	28.501
735.48	20.409
735.67	21.631
735.86	21.111
736.06	24.516
736.25	24.900
736.44	16.886
736.63	21.107
736.82	19.988
737.01	26.536
737.21	16.564
737.40	34.652
737.59	27.938
737.78	28.427
737.97	17.880
738.16	25.483
738.36	20.655
738.55	25.989
738.74	32.249
738.93	21.592
739.12	27.050
739.31	20.299
739.50	21.752
739.70	27.396
739.89	21.426
740.08	21.323
740.27	25.505
740.46	26.931
740.65	25.988
740.84	22.921
741.04	39.372
741.23	25.035
741.42	21.718
741.61	22.171
741.80	36.493
741.99	20.889
742.18	23.781
742.37	19.380
742.57	23.703
742.76	19.788
742.95	27.529
743.14	18.860
743.33	29.581
743.52	28.471
743.71	29.461
743.90	22.380
744.10	29.873
744.29	19.961
744.48	31.956
744.67	21.939
744.86	24.507
745.05	32.903
745.24	15.747
745.43	20.341
745.62	24.396
745.81	24.037
746.01	35.209
746.20	21.384
746.39	31.179
746.58	19.444
746.77	28.357
746.96	30.235
747.15	21.821
747.34	23.502
747.53	26.320
747.72	22.992
747.91	30.108
748.11	18.546
748.30	32.081
748.49	37.272
748.68	31.045
748.87	31.810
749.06	19.228
749.25	25.043
749.44	28.998
749.63	25.649
749.82	36.590
750.01	28.704
750.20	27.950
750.39	23.835
750.58	19.312
750.78	27.879
750.97	26.454
751.16	22.682
751.35	18.402
751.54	36.263
751.73	23.889
751.92	16.296
752.11	18.138
752.30	27.713
752.49	24.369
752.68	22.664
752.87	27.989
753.06	28.221
753.25	29.476
753.44	16.882
753.63	42.023
753.82	24.020
754.01	23.488
754.20	28.678
754.39	28.627
754.58	34.574
754.77	26.053
754.96	23.809
755.15	22.052
755.34	26.506
755.53	33.152
755.73	20.304
755.92	20.022
756.11	30.447
756.30	24.567
756.49	20.411
756.68	25.058
756.87	28.684
757.06	26.254
757.25	27.495
757.44	20.125
757.63	26.426
757.82	26.820
758.01	29.879
758.20	23.581
758.39	36.338
758.58	24.408
758.77	17.797
758.96	31.206
759.15	18.494
759.34	18.346
759.53	24.755
759.72	31.373
759.91	18.681
760.10	26.708
760.29	30.364
760.47	23.004
760.66	22.144
760.85	19.402
761.04	16.723
761.23	23.071
761.42	16.313
761.61	17.865
761.80	11.670
761.99	13.164
762.18	17.701
762.37	26.425
762.56	22.857
762.75	19.710
762.94	24.641
763.13	14.677
763.32	18.064
763.51	22.297
763.70	17.525
763.89	14.555
764.08	17.379
764.27	21.454
764.46	32.495
764.65	11.012
764.84	19.601
765.03	11.792
765.22	12.413
765.40	18.083
765.59	21.894
765.78	23.540
765.97	17.038
766.16	21.084
766.35	20.567
766.54	16.846
766.73	29.046
766.92	25.970
767.11	15.520
767.30	29.061
767.49	22.763
767.68	32.920
767.87	27.930
768.05	23.943
768.24	17.414
768.43	18.830
768.62	33.748
768.81	27.019
769.00	26.193
769.19	23.000
769.38	26.337
769.57	24.658
769.76	26.779
769.95	25.487
770.14	25.638
770.32	25.355
770.51	16.793
770.70	20.132
770.89	29.548
771.08	18.809
771.27	16.648
771.46	21.490
771.65	23.928
771.84	21.081
772.02	29.168
772.21	15.706
772.40	28.404
772.59	21.518
772.78	24.470
772.97	20.899
773.16	29.567
773.35	29.017
773.54	18.537
773.72	19.679
773.91	16.462
774.10	20.753
774.29	21.134
774.48	28.336
774.67	29.102
774.86	22.970
775.04	23.679
775.23	24.555
775.42	27.609
775.61	29.747
775.80	19.809
775.99	36.492
776.18	30.277
776.36	30.420
776.55	21.612
776.74	22.441
776.93	19.710
777.12	23.495
777.31	37.332
777.50	29.093
777.68	31.976
777.87	34.931
778.06	27.976
778.25	23.577
778.44	23.418
778.63	21.480
778.81	27.993
779.00	25.451
779.19	30.594
779.38	24.066
779.57	18.951
779.76	30.980
779.94	31.110
780.13	20.952
780.32	23.651
780.51	19.222
780.70	30.099
780.88	27.232
781.07	27.582
781.26	23.413
781.45	23.080
781.64	33.441
781.82	20.168
782.01	21.971
782.20	54.791
782.39	28.091
782.58	31.683
782.77	31.242
782.95	26.020
783.14	22.459
783.33	31.725
783.52	21.730
783.70	41.397
783.89	18.329
784.08	30.685
784.27	17.276
784.46	19.701
784.64	18.958
784.83	28.751
785.02	20.739
785.21	26.660
785.40	26.398
785.58	23.660
785.77	42.027
785.96	26.947
786.15	18.988
786.33	27.428
786.52	25.440
786.71	20.759
786.90	28.120
787.08	23.401
787.27	28.774
787.46	24.416
787.65	26.961
787.83	38.121
788.02	25.266
788.21	21.615
788.40	28.965
788.58	24.517
788.77	28.788
788.96	21.853
789.15	16.022
789.33	23.282
789.52	21.936
789.71	30.166
789.90	24.956
790.08	33.164
790.27	30.139
790.46	23.014
790.65	29.800
790.83	20.086
791.02	24.763
791.21	30.996
791.40	15.774
791.58	28.330
791.77	36.264
791.96	16.295
792.14	21.966
792.33	29.725
792.52	31.497
792.71	16.848
792.89	29.373
793.08	28.545
793.27	21.487
793.45	19.665
793.64	20.756
793.83	40.481
794.02	29.739
794.20	31.941
794.39	25.972
794.58	21.563
794.76	28.564
794.95	25.208
795.14	19.601
795.32	24.086
795.51	23.900
795.70	30.943
795.89	19.429
796.07	27.509
796.26	20.129
796.45	19.458
796.63	24.368
796.82	29.824
797.01	16.412
797.19	19.511
797.38	23.291
797.57	21.038
797.75	24.264
797.94	21.706
798.13	24.222
798.31	20.003
798.50	18.505
798.69	25.548
798.87	18.685
799.06	20.759
799.25	19.406
799.43	26.037
799.62	22.257
799.81	27.315
799.99	26.919
800.18	13.696
800.37	13.480
800.55	23.745
800.74	21.617
800.93	25.056
801.11	21.028
801.30	27.354
801.48	22.881
801.67	30.524
801.86	30.186
802.04	21.366
802.23	22.561
802.42	15.991
802.60	22.174
802.79	23.096
802.98	24.595
803.16	27.930
803.35	21.346
803.53	27.180
803.72	20.769
803.91	16.907
804.09	22.460
804.28	17.842
804.47	19.223
804.65	23.258
804.84	12.862
805.02	23.928
805.21	24.330
805.40	19.114
805.58	23.826
805.77	21.079
805.95	25.554
806.14	25.450
806.33	20.602
806.51	21.955
806.70	27.173
806.88	24.219
807.07	24.108
807.26	20.757
807.44	16.981
807.63	19.415
807.81	16.714
808.00	25.815
808.19	22.396
808.37	28.091
808.56	16.830
808.74	29.528
808.93	22.374
809.11	22.902
809.30	22.965
809.49	21.446
809.67	27.225
809.86	19.632
810.04	20.470
810.23	30.012
810.41	26.462
810.60	21.266
810.79	20.336
810.97	22.740
811.16	25.932
811.34	25.531
811.53	18.375
811.71	24.898
811.90	26.349
812.08	24.965
812.27	27.672
812.46	25.705
812.64	12.843
812.83	26.346
813.01	18.459
813.20	21.829
813.38	17.705
813.57	18.142
813.75	18.495
813.94	19.955
814.12	30.160
814.31	24.507
814.49	21.781
814.68	30.946
814.86	19.400
815.05	18.003
815.24	18.474
815.42	24.622
815.61	16.940
815.79	20.274
815.98	31.371
816.16	12.937
816.35	19.218
816.53	19.234
816.72	19.866
816.90	15.773
817.09	18.209
817.27	20.124
817.46	19.787
817.64	16.980
817.83	28.138
818.01	22.008
818.20	28.119
818.38	16.271
818.57	21.517
818.75	28.111
818.94	35.032
819.12	29.424
819.31	19.416
819.49	15.180
819.68	20.896
819.86	20.570
820.05	19.436
820.23	19.504
820.42	16.718
820.60	23.695
820.78	19.717
820.97	17.625
821.15	21.332
821.34	21.956
821.52	30.410
821.71	21.771
821.89	18.432
822.08	16.479
822.26	14.450
822.45	25.804
822.63	21.783
822.82	26.429
823.00	25.211
823.18	19.836
823.37	32.200
823.55	20.315
823.74	17.641
823.92	53.231
824.11	20.501
824.29	54.435
824.48	24.653
824.66	25.130
824.84	22.869
825.03	32.508
825.21	19.167
825.40	18.890
825.58	23.018
825.77	25.548
825.95	18.222
826.14	21.210
826.32	31.766
826.50	23.130
826.69	32.208
826.87	31.134
827.06	21.753
827.24	22.867
827.42	21.041
827.61	36.579
827.79	23.538
827.98	24.731
828.16	27.569
828.35	24.909
828.53	25.931
828.71	19.311
828.90	25.912
829.08	25.361
829.27	35.488
829.45	34.335
829.63	20.441
829.82	25.962
830.00	22.696
830.18	18.296
830.37	35.494
830.55	21.501
830.74	33.644
830.92	21.581
831.10	19.393
831.29	20.557
831.47	32.180
831.66	33.086
831.84	29.850
832.02	17.418
832.21	34.200
832.39	19.613
832.57	32.255
832.76	13.545
832.94	15.218
833.13	18.758
833.31	35.997
833.49	18.430
833.68	29.464
833.86	29.207
834.04	22.901
834.23	30.887
834.41	19.062
834.59	29.385
834.78	19.469
834.96	30.331
835.14	21.936
835.33	27.537
835.51	33.795
835.69	30.108
835.88	34.818
836.06	18.666
836.24	28.045
836.43	22.454
836.61	23.693
836.79	19.613
836.98	21.304
837.16	25.519
837.34	32.550
837.53	37.252
837.71	25.351
837.89	15.414
838.08	18.926
838.26	32.437
838.44	41.154
838.63	23.916
838.81	29.470
838.99	31.896
839.18	24.520
839.36	24.695
839.54	38.655
839.73	35.689
839.91	35.566
840.09	27.899
840.28	24.785
840.46	21.755
840.64	28.781
840.82	28.417
841.01	27.513
841.19	32.515
841.37	28.420
841.56	32.435
841.74	34.374
841.92	20.198
842.10	28.198
842.29	29.369
842.47	33.937
842.65	31.977
842.84	27.671
843.02	28.237
843.20	23.286
843.38	40.621
843.57	42.726
843.75	27.707
843.93	42.831
844.11	24.597
844.30	28.228
844.48	26.267
844.66	19.480
844.84	28.574
845.03	34.627
845.21	21.917
845.39	48.036
845.58	28.838
845.76	37.743
845.94	18.969
846.12	25.009
846.31	21.994
846.49	28.154
846.67	27.831
846.85	23.928
847.03	26.045
847.22	37.010
847.40	24.651
847.58	26.271
847.76	80.536
847.95	35.235
848.13	26.228
848.31	21.334
848.49	32.437
848.68	23.608
848.86	38.584
849.04	25.716
849.22	24.283
849.40	36.522
849.59	30.490
849.77	32.928
849.95	42.172
850.13	33.600
850.32	37.872
850.50	43.687
850.68	29.693
850.86	26.544
851.04	36.034
851.23	36.177
851.41	36.449
851.59	21.950
851.77	26.993
851.95	26.897
852.14	27.105
852.32	17.975
852.50	23.380
852.68	27.521
852.86	28.423
853.04	30.405
853.23	34.143
853.41	22.449
853.59	29.526
853.77	21.198
853.95	26.177
854.14	27.593
854.32	37.447
854.50	33.429
854.68	24.809
854.86	25.536
855.04	31.201
855.23	28.573
855.41	30.378
855.59	32.656
855.77	20.257
855.95	36.292
856.13	23.964
856.31	43.532
856.50	25.157
856.68	27.560
856.86	27.838
857.04	36.129
857.22	46.196
857.40	27.352
857.59	31.401
857.77	38.378
857.95	22.711
858.13	32.077
858.31	27.928
858.49	27.814
858.67	28.698
858.85	20.990
859.04	23.446
859.22	33.417
859.40	25.126
859.58	26.203
859.76	21.469
859.94	19.714
860.12	35.956
860.30	23.460
860.49	50.638
860.67	29.547
860.85	35.037
861.03	28.224
861.21	31.846
861.39	26.484
861.57	24.763
861.75	33.548
861.93	24.206
862.12	39.321
862.30	38.471
862.48	20.682
862.66	31.373
862.84	28.208
863.02	26.919
863.20	32.160
863.38	29.810
863.56	34.183
863.74	20.922
863.92	23.185
864.11	26.783
864.29	34.524
864.47	39.650
864.65	27.178
864.83	27.740
865.01	19.443
865.19	29.905
865.37	41.624
865.55	27.192
865.73	33.103
865.91	35.245
866.09	27.328
866.27	24.254
866.45	26.580
866.64	31.515
866.82	33.278
867.00	23.966
867.18	18.666
867.36	35.366
867.54	21.610
867.72	27.063
867.90	29.777
868.08	27.102
868.26	46.116
868.44	31.658
868.62	31.923
868.80	30.516
868.98	33.819
869.16	30.125
869.34	32.024
869.52	46.377
869.70	54.370
869.88	44.837
870.06	23.951
870.24	34.216
870.42	26.429
870.60	32.641
870.78	31.423
870.96	36.831
871.14	23.366
871.32	35.348
871.50	26.341
871.68	23.548
871.86	29.357
872.04	28.900
872.22	27.678
872.40	30.476
872.58	26.279
872.76	25.061
872.94	24.440
873.12	26.303
873.30	39.575
873.48	30.431
873.66	36.525
873.84	27.917
874.02	29.668
874.20	32.014
874.38	30.822
874.56	40.128
874.74	27.438
874.92	24.796
875.10	30.045
875.28	28.898
875.46	24.967
875.64	44.357
875.82	24.331
876.00	29.643
876.18	47.198
876.36	36.167
876.54	36.758
876.72	40.611
876.90	26.518
877.08	27.744
877.26	41.773
877.44	29.053
877.62	24.011
877.80	40.440
877.98	29.666
878.16	30.985
878.34	31.931
878.52	38.636
878.70	35.918
878.88	33.987
879.05	34.073
879.23	26.573
879.41	28.051
879.59	30.174
879.77	38.437
879.95	26.190
880.13	37.489
880.31	33.212
880.49	23.210
880.67	22.530
880.85	23.583
881.03	28.538
881.21	39.567
881.39	25.447
881.56	28.438
881.74	31.728
881.92	31.053
882.10	95.762
882.28	27.509
882.46	42.317
882.64	38.327
882.82	30.010
883.00	27.309
883.18	28.979
883.36	26.929
883.53	24.050
883.71	41.133
883.89	36.792
884.07	48.904
884.25	21.674
884.43	33.576
884.61	31.085
884.79	22.477
884.97	26.540
885.14	24.987
885.32	15.155
885.50	30.140
885.68	17.688
885.86	29.300
886.04	25.947
886.22	25.104
886.40	23.705
886.57	22.557
886.75	15.896
886.93	30.788
887.11	27.117
887.29	37.066
887.47	28.706
887.65	53.484
887.82	24.828
888.00	27.811
888.18	34.086
888.36	25.804
888.54	23.987
888.72	22.931
888.90	23.471
889.07	21.642
889.25	26.136
889.43	23.774
889.61	25.569
889.79	34.720
889.97	23.893
890.14	37.329
890.32	23.316
890.50	18.719
890.68	28.196
890.86	28.012
891.04	22.100
891.21	25.897
891.39	31.240
891.57	32.243
891.75	19.723
891.93	28.507
892.10	33.456
892.28	35.421
892.46	30.931
892.64	24.642
892.82	38.171
893.00	21.857
893.17	29.665
893.35	19.778
893.53	38.405
893.71	25.736
893.89	19.845
894.06	26.956
894.24	27.706
894.42	24.474
894.60	27.643
894.78	19.355
894.95	19.334
895.13	59.311
895.31	27.132
895.49	20.844
895.66	24.891
895.84	25.735
896.02	25.525
896.20	20.129
896.38	18.888
896.55	19.882
896.73	30.705
896.91	19.219
897.09	27.363
897.26	18.005
897.44	22.174
897.62	31.378
897.80	15.420
897.97	29.840
898.15	15.070
898.33	28.650
898.51	23.326
898.68	21.780
898.86	28.592
899.04	33.682
899.22	24.095
899.39	26.047
899.57	25.672
899.75	23.235
899.93	13.976
900.10	25.840
900.28	24.786
900.46	30.511
900.64	32.730
900.81	30.452
900.99	24.223
901.17	21.810
901.34	21.990
901.52	30.125
901.70	25.546
901.88	26.968
902.05	29.180
902.23	29.561
902.41	27.200
902.58	17.639
902.76	30.179
902.94	27.687
903.12	32.615
903.29	28.383
903.47	29.639
903.65	21.054
903.82	34.291
904.00	37.679
904.18	32.525
904.36	25.723
904.53	31.935
904.71	29.488
904.89	27.602
905.06	43.465
905.24	37.009
905.42	24.263
905.59	32.837
905.77	28.140
905.95	25.049
906.12	25.406
906.30	27.016
906.48	21.243
906.65	32.350
906.83	38.355
907.01	32.368
907.18	22.040
907.36	31.362
907.54	17.037
907.71	32.260
907.89	29.860
908.07	16.539
908.24	35.067
908.42	30.194
908.60	24.508
908.77	29.161
908.95	36.367
909.13	27.338
909.30	35.059
909.48	24.771
909.66	23.946
909.83	24.244
910.01	16.190
910.18	33.111
910.36	22.363
910.54	31.065
910.71	21.953
910.89	24.851
911.07	27.284
911.24	37.043
911.42	17.789
911.59	38.572
911.77	22.055
911.95	19.358
912.12	23.259
912.30	26.137
912.48	25.680
912.65	33.100
912.83	29.871
913.00	26.327
913.18	21.737
913.36	26.649
913.53	24.486
913.71	33.332
913.88	38.679
914.06	23.240
914.24	36.300
914.41	25.161
914.59	30.237
914.76	25.977
914.94	27.570
915.12	25.870
915.29	25.848
915.47	38.556
915.64	26.815
915.82	32.989
915.99	21.155
916.17	26.995
916.35	30.773
916.52	24.412
916.70	24.743
916.87	17.579
917.05	36.102
917.22	28.775
917.40	40.845
917.58	35.087
917.75	24.856
917.93	32.760
918.10	25.555
918.28	32.683
918.45	35.444
918.63	19.996
918.80	19.099
918.98	36.983
919.16	31.087
919.33	32.764
919.51	29.358
919.68	37.913
919.86	21.926
920.03	31.091
920.21	34.033
920.38	38.851
920.56	25.598
920.73	34.468
920.91	28.249
921.08	28.712
921.26	40.463
921.44	37.920
921.61	27.103
921.79	66.693
921.96	33.764
922.14	21.898
922.31	24.908
922.49	30.811
922.66	31.150
922.84	19.354
923.01	34.497
923.19	41.416
923.36	29.017
923.54	39.642
923.71	54.026
923.89	46.224
924.06	50.276
924.24	42.260
924.41	31.708
924.59	24.918
924.76	30.884
924.94	49.050
925.11	30.471
925.29	39.041
925.46	25.420
925.64	32.055
925.81	29.536
925.98	32.923
926.16	43.139
926.33	28.271
926.51	32.576
926.68	44.851
926.86	19.025
927.03	33.895
927.21	45.806
927.38	49.886
927.56	26.339
927.73	50.513
927.91	22.497
928.08	22.123
928.26	29.063
928.43	20.962
928.60	32.073
928.78	36.586
928.95	35.452
929.13	22.225
929.30	30.707
929.48	40.777
929.65	25.601
929.83	60.309
930.00	22.410
930.17	24.400
930.35	33.367
930.52	35.773
930.70	54.499
930.87	31.755
931.05	25.461
931.22	22.003
931.39	27.813
931.57	29.421
931.74	31.677
931.92	26.373
932.09	34.956
932.26	46.016
932.44	36.257
932.61	20.079
932.79	46.147
932.96	29.685
933.13	27.229
933.31	39.328
933.48	46.404
933.66	46.307
933.83	41.470
934.00	28.725
934.18	29.896
934.35	34.132
934.53	23.748
934.70	40.996
934.87	24.469
935.05	41.730
935.22	33.223
935.40	32.625
935.57	30.621
935.74	31.229
935.92	32.175
936.09	45.030
936.26	33.334
936.44	39.131
936.61	41.148
936.79	46.796
936.96	33.895
937.13	45.705
937.31	33.070
937.48	47.286
937.65	31.943
937.83	29.836
938.00	34.500
938.17	41.243
938.35	46.087
938.52	31.937
938.69	45.178
938.87	36.974
939.04	34.683
939.21	47.747
939.39	26.517
939.56	37.435
939.73	47.057
939.91	35.869
940.08	49.401
940.25	50.989
940.43	33.552
940.60	43.649
940.77	35.071
940.95	50.975
941.12	57.074
941.29	45.259
941.47	38.252
941.64	49.042
941.81	42.707
941.99	49.212
942.16	57.255
942.33	33.471
942.51	42.292
942.68	43.812
942.85	29.250
943.02	44.653
943.20	32.600
943.37	38.536
943.54	71.695
943.72	42.281
943.89	53.176
944.06	51.497
944.23	41.921
944.41	38.724
944.58	31.271
944.75	46.535
944.93	35.711
945.10	54.053
945.27	46.285
945.44	46.990
945.62	49.629
945.79	50.930
945.96	30.240
946.14	41.028
946.31	48.758
946.48	54.927
946.65	47.501
946.83	49.151
947.00	46.986
947.17	52.015
947.34	39.820
947.52	54.603
947.69	29.985
947.86	35.220
948.03	39.300
948.21	62.250
948.38	44.381
948.55	38.875
948.72	50.893
948.90	48.964
949.07	46.881
949.24	59.894
949.41	49.097
949.58	43.559
949.76	55.311
949.93	62.457
950.10	47.047
950.27	46.330
950.45	61.199
950.62	53.017
950.79	47.247
950.96	24.825
951.13	26.650
951.31	90.559
951.48	52.915
951.65	65.332
951.82	49.863
952.00	40.117
952.17	33.861
952.34	43.421
952.51	45.027
952.68	35.245
952.86	36.714
953.03	37.626
953.20	54.825
953.37	34.640
953.54	31.903
953.71	74.631
953.89	44.842
954.06	47.741
954.23	58.663
954.40	63.520
954.57	53.268
954.75	62.324
954.92	44.821
955.09	53.344
955.26	36.533
955.43	69.375
955.60	55.427
955.78	38.156
955.95	32.936
956.12	47.080
956.29	54.757
956.46	53.896
956.63	51.904
956.81	61.808
956.98	67.858
957.15	93.283
957.32	58.094
957.49	41.210
957.66	41.206
957.83	51.701
958.01	41.857
958.18	37.970
958.35	66.884
958.52	53.202
958.69	37.205
958.86	39.889
959.03	76.044
959.20	54.364
959.38	67.881
959.55	56.230
959.72	71.961
959.89	43.505
960.06	52.418
960.23	49.297
960.40	66.583
960.57	56.868
960.75	58.139
960.92	39.631
961.09	79.126
961.26	53.975
961.43	56.740
961.60	59.590
961.77	60.584
961.94	59.010
962.11	61.896
962.28	67.504
962.46	54.471
962.63	57.810
962.80	69.651
962.97	32.481
963.14	51.233
963.31	55.445
963.48	64.940
963.65	94.840
963.82	66.291
963.99	74.434
964.16	51.307
964.33	55.450
964.50	52.357
964.68	86.364
964.85	52.646
965.02	84.473
965.19	79.535
965.36	68.241
965.53	63.588
965.70	57.805
965.87	75.671
966.04	38.892
966.21	88.947
966.38	49.558
966.55	54.325
966.72	70.974
966.89	41.272
967.06	74.096
967.23	58.918
967.40	75.786
967.57	51.846
967.74	61.098
967.91	74.366
968.09	59.456
968.26	85.535
968.43	62.438
968.60	56.210
968.77	45.191
968.94	96.644
969.11	68.901
969.28	45.463
969.45	75.588
969.62	60.287
969.79	47.499
969.96	65.317
970.13	47.213
970.30	78.997
970.47	64.549
970.64	62.269
970.81	62.863
970.98	58.194
971.15	89.924
971.32	109.786
971.49	79.551
971.66	61.159
971.83	81.187
972.00	63.479
972.17	73.126
972.34	58.386
972.51	51.323
972.68	58.785
972.85	83.697
973.02	55.055
973.19	82.545
973.36	76.464
973.53	55.496
973.70	61.150
973.86	107.788
974.03	84.875
974.20	85.740
974.37	94.702
974.54	100.711
974.71	89.409
974.88	74.412
975.05	63.746
975.22	84.784
975.39	107.326
975.56	86.460
975.73	53.980
975.90	73.262
976.07	54.792
976.24	82.076
976.41	88.842
976.58	92.126
976.75	75.934
976.92	69.516
977.08	45.924
977.25	121.715
977.42	74.363
977.59	73.986
977.76	85.547
977.93	100.176
978.10	62.886
978.27	75.838
978.44	82.873
978.61	67.986
978.78	100.998
978.95	75.918
979.12	65.953
979.28	73.519
979.45	86.765
979.62	77.208
979.79	84.965
979.96	75.740
980.13	66.238
980.30	61.711
980.47	72.964
980.64	71.225
980.81	74.443
980.97	84.595
981.14	171.507
981.31	70.749
981.48	60.324
981.65	59.201
981.82	66.127
981.99	67.680
982.16	56.507
982.32	119.350
982.49	248.257
982.66	60.947
982.83	100.075
983.00	114.993
983.17	87.766
983.34	76.312
983.51	93.759
983.67	99.204
983.84	87.815
984.01	123.738
984.18	80.631
984.35	105.713
984.52	87.509
984.68	73.977
984.85	71.475
985.02	101.809
985.19	84.123
985.36	91.639
985.53	113.277
985.70	123.815
985.86	79.213
986.03	100.988
986.20	92.626
986.37	95.400
986.54	85.807
986.71	86.133
986.87	96.102
987.04	59.207
987.21	107.474
987.38	118.751
987.55	91.674
987.71	94.957
987.88	81.157
988.05	119.882
988.22	86.238
988.39	78.070
988.55	115.087
988.72	124.237
988.89	117.262
989.06	111.203
989.23	104.980
989.39	114.794
989.56	135.044
989.73	140.237
989.90	147.544
990.07	107.526
990.23	99.682
990.40	134.283
990.57	104.157
990.74	122.892
990.90	114.221
991.07	100.500
991.24	76.430
991.41	163.602
991.58	131.672
991.74	125.550
991.91	122.403
992.08	120.830
992.25	86.359
992.41	112.315
992.58	115.285
992.75	88.197
992.92	118.048
993.08	117.860
993.25	92.621
993.42	98.027
993.59	100.568
993.75	136.887
993.92	141.057
994.09	166.790
994.26	118.383
994.42	160.677
994.59	126.690
994.76	128.979
994.93	90.719
995.09	151.712
995.26	194.382
995.43	179.401
995.59	146.616
995.76	126.244
995.93	137.632
996.10	118.038
996.26	159.536
996.43	110.049
996.60	121.410
996.76	142.600
996.93	121.503
997.10	114.153
997.27	158.208
997.43	131.492
997.60	134.008
997.77	139.973
997.93	140.460
998.10	72.988
998.27	135.531
998.43	155.028
998.60	115.707
998.77	163.296
998.94	109.162
999.10	224.202
999.27	136.146
999.44	108.292
999.60	120.882
999.77	138.080
999.94	137.398
1000.10	122.232
1000.27	144.426
1000.44	109.452
1000.60	236.898
1000.77	168.529
1000.94	124.226
1001.10	180.848
1001.27	123.388
1001.44	114.973
1001.60	123.614
1001.77	134.705
1001.94	112.765
1002.10	135.723
1002.27	144.136
1002.44	120.592
1002.60	136.773
1002.77	134.977
1002.93	118.930
1003.10	172.709
1003.27	106.522
1003.43	136.296
1003.60	168.274
1003.77	200.614
1003.93	166.305
1004.10	199.245
1004.26	97.648
1004.43	118.710
1004.60	222.176
1004.76	102.347
1004.93	187.036
1005.10	156.846
1005.26	155.154
1005.43	141.535
1005.59	124.677
1005.76	166.402
1005.93	197.366
1006.09	225.739
1006.26	113.180
1006.42	170.364
1006.59	173.631
1006.76	134.639
1006.92	127.346
1007.09	185.977
1007.25	147.234
1007.42	155.258
1007.59	184.783
1007.75	140.931
1007.92	168.500
1008.08	184.416
1008.25	153.900
1008.41	143.078
1008.58	222.672
1008.75	230.204
1008.91	182.833
1009.08	123.064
1009.24	157.731
1009.41	189.888
1009.57	155.282
1009.74	141.724
1009.91	152.878
1010.07	167.681
1010.24	147.790
1010.40	156.614
1010.57	132.404
1010.73	127.100
1010.90	193.313
1011.06	129.065
1011.23	196.109
1011.39	188.602
1011.56	260.914
1011.73	163.980
1011.89	222.184
1012.06	204.985
1012.22	203.359
1012.39	167.820
1012.55	166.770
1012.72	233.923
1012.88	207.955
1013.05	193.216
1013.21	212.810
1013.38	203.451
1013.54	159.564
1013.71	215.520
1013.87	205.780
1014.04	158.066
1014.20	184.451
1014.37	290.162
1014.53	221.929
1014.70	229.378
1014.86	134.390
1015.03	189.751
1015.19	168.545
1015.36	239.623
1015.52	209.406
1015.69	172.942
1015.85	228.317
1016.02	205.399
1016.18	266.214
1016.35	153.712
1016.51	283.423
1016.68	219.514
1016.84	278.110
1017.01	282.990
1017.17	177.340
1017.34	304.268
1017.50	188.360
1017.67	202.902
1017.83	197.566
1018.00	182.688
1018.16	282.503
1018.32	224.639
1018.49	171.707
1018.65	191.683
1018.82	186.519
1018.98	286.964
1019.15	236.569
1019.31	231.081
1019.48	218.306
1019.64	481.117
1019.81	307.901
1019.97	238.566
1020.13	308.201
1020.30	211.379
1020.46	280.765
1020.63	270.088
1020.79	219.463
1020.96	193.384
1021.12	294.446
1021.28	227.992
1021.45	342.227
1021.61	325.223
1021.78	265.030
1021.94	246.507
1022.10	288.788
1022.27	239.720
1022.43	339.791
1022.60	191.810
1022.76	217.670
1022.93	503.618
1023.09	204.341
1023.25	296.628
1023.42	357.577
1023.58	414.726
1023.75	290.086
1023.91	320.968
1024.07	220.688
1024.24	245.084
1024.40	190.102
1024.56	783.618
1024.73	312.833
1024.89	470.827
1025.06	329.276
1025.22	276.334
1025.38	301.424
1025.55	290.722
1025.71	231.033
1025.87	260.915
1026.04	441.407
1026.20	313.336
1026.37	276.614
1026.53	320.213
1026.69	375.808
1026.86	312.316
1027.02	245.594
1027.18	287.398
1027.35	513.695
1027.51	266.591
1027.67	392.816
1027.84	489.373
1028.00	294.865
1028.16	369.602
1028.33	340.265
1028.49	309.727
1028.65	192.859
1028.82	371.838
1028.98	468.896
1029.14	522.345
1029.31	331.613
1029.47	235.338
1029.63	385.406
1029.80	440.074
1029.96	291.888
1030.12	436.212
1030.29	366.603
1030.45	314.554
1030.61	341.304
1030.78	274.485
1030.94	420.472
1031.10	395.562
1031.27	315.738
1031.43	321.756
1031.59	254.398
1031.75	334.660
1031.92	676.946
1032.08	238.750
1032.24	317.679
1032.41	240.036
1032.57	438.110
1032.73	455.666
1032.90	324.361
1033.06	307.300
1033.22	241.960
1033.38	394.079
1033.55	946.013
1033.71	375.445
1033.87	397.187
1034.03	329.590
1034.20	486.684
1034.36	377.434
1034.52	459.636
1034.69	337.540
1034.85	431.206
1035.01	401.586
1035.17	338.658
1035.34	241.971
1035.50	418.704
1035.66	347.174
1035.82	385.284
1035.99	454.244
1036.15	301.445
1036.31	550.977
1036.47	383.423
1036.64	518.725
1036.80	514.864
1036.96	450.715
1037.12	404.484
1037.28	541.703
1037.45	389.293
1037.61	407.416
1037.77	547.615
1037.93	547.484
1038.10	315.237
1038.26	454.670
1038.42	437.480
1038.58	599.673
1038.74	375.224
1038.91	418.249
1039.07	414.993
1039.23	688.724
1039.39	433.688
1039.55	413.556
1039.72	443.998
1039.88	381.191
1040.04	421.412
1040.20	669.488
1040.36	399.597
1040.53	561.163
1040.69	642.614
1040.85	642.578
1041.01	690.356
1041.17	426.297
1041.34	573.547
1041.50	813.525
1041.66	301.334
1041.82	500.365
1041.98	579.049
1042.14	774.399
1042.31	545.419
1042.47	803.192
1042.63	529.371
1042.79	565.405
1042.95	469.638
1043.11	528.255
1043.28	456.393
1043.44	502.182
1043.60	507.648
1043.76	807.562
1043.92	1133.618
