345.80	11.226
346.01	11.295
346.23	11.364
346.44	4.165
346.66	9.715
346.87	724.994
347.09	4634.331
347.30	1756.056
347.52	-131.912
347.73	-231.232
347.95	-1022.237
348.16	-161.975
348.38	-198.562
348.59	368.370
348.81	-298.110
349.02	-505.727
349.24	-388.302
349.45	-328.145
349.67	253.231
349.88	158.202
350.10	112.311
350.31	1052.931
350.53	298.400
350.74	142.820
350.96	313.318
351.17	107.181
351.38	1042.644
351.60	755.138
351.81	192.374
352.03	-729.774
352.24	256.466
352.46	307.888
352.67	174.399
352.89	185.239
353.10	305.874
353.32	167.751
353.53	3662.969
353.75	230.904
353.96	121.782
354.17	227.404
354.39	422.057
354.60	171.943
354.82	294.011
355.03	882.082
355.25	220.754
355.46	421.982
355.68	277.668
355.89	182.317
356.11	123.283
356.32	418.170
356.53	1073.830
356.75	3762.677
356.96	653.257
357.18	310.128
357.39	190.429
357.61	958.043
357.82	127.140
358.04	109.686
358.25	169.245
358.46	569.484
358.68	207.533
358.89	140.590
359.11	941.593
359.32	135.262
359.54	607.836
359.75	205.296
359.96	216.089
360.18	516.643
360.39	84.857
360.61	186.375
360.82	227.932
361.04	333.635
361.25	323.380
361.46	582.647
361.68	243.857
361.89	154.955
362.11	251.512
362.32	757.803
362.54	278.817
362.75	146.448
362.96	150.109
363.18	157.477
363.39	203.186
363.61	192.860
363.82	6390.589
364.03	308.016
364.25	166.695
364.46	89.144
364.68	275.833
364.89	524.766
365.10	206.943
365.32	167.477
365.53	301.991
365.75	372.667
365.96	291.624
366.17	210.999
366.39	143.775
366.60	181.813
366.82	254.287
367.03	276.849
367.24	140.341
367.46	191.191
367.67	195.503
367.89	311.684
368.10	1362.411
368.31	318.763
368.53	451.373
368.74	300.376
368.96	187.669
369.17	437.298
369.38	140.251
369.60	396.452
369.81	745.455
370.03	279.691
370.24	220.757
370.45	349.465
370.67	188.585
370.88	225.457
371.09	1144.044
371.31	373.639
371.52	177.666
371.74	354.183
371.95	191.761
372.16	149.394
372.38	120.854
372.59	156.376
372.81	149.717
373.02	227.835
373.23	427.531
373.45	371.758
373.66	158.631
373.87	178.323
374.09	261.238
374.30	420.550
374.51	159.438
374.73	154.055
374.94	250.844
375.16	148.203
375.37	465.305
375.58	278.359
375.80	369.297
376.01	195.227
376.22	498.329
376.44	218.528
376.65	154.995
376.86	235.115
377.08	172.638
377.29	115.587
377.50	285.261
377.72	479.934
377.93	830.809
378.15	212.720
378.36	147.780
378.57	181.978
378.79	138.958
379.00	149.985
379.21	184.996
379.43	181.121
379.64	147.611
379.85	259.747
380.07	164.038
380.28	101.341
380.49	127.955
380.71	131.693
380.92	100.628
381.13	257.623
381.35	153.578
381.56	170.833
381.77	318.496
381.99	115.330
382.20	198.418
382.41	159.201
382.63	202.835
382.84	206.206
383.05	218.321
383.27	182.906
383.48	194.747
383.69	133.111
383.91	151.348
384.12	152.598
384.33	128.978
384.55	211.150
384.76	158.803
384.97	197.888
385.18	132.093
385.40	321.367
385.61	184.679
385.82	189.502
386.04	178.502
386.25	209.808
386.46	170.528
386.68	146.265
386.89	134.522
387.10	190.312
387.32	114.252
387.53	241.654
387.74	110.332
387.95	114.857
388.17	161.358
388.38	174.811
388.59	206.059
388.81	205.108
389.02	141.383
389.23	205.423
389.45	139.727
389.66	99.468
389.87	140.952
390.08	117.386
390.30	203.344
390.51	105.506
390.72	191.485
390.94	145.562
391.15	177.922
391.36	107.490
391.57	192.715
391.79	147.598
392.00	129.325
392.21	116.971
392.43	164.932
392.64	323.919
392.85	153.035
393.06	158.971
393.28	123.261
393.49	148.912
393.70	107.058
393.92	210.329
394.13	108.412
394.34	143.349
394.55	170.994
394.77	125.952
394.98	84.474
395.19	263.194
395.40	116.430
395.62	193.081
395.83	209.135
396.04	102.362
396.26	258.092
396.47	115.630
396.68	146.173
396.89	158.638
397.11	200.624
397.32	139.559
397.53	169.669
397.74	209.466
397.96	90.737
398.17	112.381
398.38	80.899
398.59	81.081
398.81	208.168
399.02	101.418
399.23	136.422
399.44	132.966
399.66	127.392
399.87	136.076
400.08	131.091
400.29	158.682
400.51	153.683
400.72	110.985
400.93	129.933
401.14	165.393
401.36	166.013
401.57	134.191
401.78	138.328
401.99	148.628
402.21	159.679
402.42	167.402
402.63	93.717
402.84	132.444
403.05	143.414
403.27	99.464
403.48	111.041
403.69	105.212
403.90	137.065
404.12	210.215
404.33	131.712
404.54	184.583
404.75	84.372
404.96	83.039
405.18	145.054
405.39	128.542
405.60	205.703
405.81	85.730
406.03	86.166
406.24	135.285
406.45	106.230
406.66	146.676
406.87	84.814
407.09	135.191
407.30	98.725
407.51	179.153
407.72	90.924
407.93	105.443
408.15	117.561
408.36	60.072
408.57	151.378
408.78	117.582
409.00	127.239
409.21	100.971
409.42	90.130
409.63	107.623
409.84	125.610
410.06	166.910
410.27	75.726
410.48	103.757
410.69	122.028
410.90	108.415
411.12	90.151
411.33	182.734
411.54	82.641
411.75	93.059
411.96	81.669
412.17	154.747
412.39	140.031
412.60	97.268
412.81	94.771
413.02	125.420
413.23	73.125
413.45	77.578
413.66	105.608
413.87	94.589
414.08	83.922
414.29	114.448
414.50	94.948
414.72	94.251
414.93	75.908
415.14	104.617
415.35	72.745
415.56	151.825
415.77	136.576
415.99	208.286
416.20	109.606
416.41	128.909
416.62	123.314
416.83	87.344
417.04	125.774
417.26	170.365
417.47	150.456
417.68	134.179
417.89	103.227
418.10	75.099
418.31	93.936
418.53	148.283
418.74	70.930
418.95	93.128
419.16	125.729
419.37	105.842
419.58	106.981
419.80	127.873
420.01	127.993
420.22	75.699
420.43	109.405
420.64	84.197
420.85	76.755
421.06	131.456
421.28	95.107
421.49	105.251
421.70	106.374
421.91	103.508
422.12	79.878
422.33	90.363
422.54	60.006
422.76	86.156
422.97	100.570
423.18	144.873
423.39	98.268
423.60	102.267
423.81	81.768
424.02	64.939
424.23	85.632
424.45	95.983
424.66	79.401
424.87	50.947
425.08	130.702
425.29	89.497
425.50	71.070
425.71	139.564
425.92	124.881
426.14	58.030
426.35	72.222
426.56	67.989
426.77	72.457
426.98	127.379
427.19	134.481
427.40	90.187
427.61	107.031
427.82	70.218
428.04	93.521
428.25	88.304
428.46	72.965
428.67	65.416
428.88	90.893
429.09	84.628
429.30	109.278
429.51	104.073
429.72	113.968
429.94	65.809
430.15	84.831
430.36	55.394
430.57	78.072
430.78	103.571
430.99	65.009
431.20	131.297
431.41	78.639
431.62	64.568
431.83	95.405
432.05	90.096
432.26	100.865
432.47	74.712
432.68	76.057
432.89	85.823
433.10	89.655
433.31	66.732
433.52	74.380
433.73	66.185
433.94	107.547
434.15	49.258
434.36	82.356
434.58	73.670
434.79	40.585
435.00	64.362
435.21	65.523
435.42	115.728
435.63	50.496
435.84	82.289
436.05	69.156
436.26	87.426
436.47	59.635
436.68	79.683
436.89	94.882
437.10	69.653
437.31	134.899
437.52	62.024
437.74	102.852
437.95	91.425
438.16	74.408
438.37	74.861
438.58	82.740
438.79	60.907
439.00	72.694
439.21	96.760
439.42	55.361
439.63	57.582
439.84	63.663
440.05	81.903
440.26	63.395
440.47	102.504
440.68	77.364
440.89	59.598
441.10	88.864
441.31	61.215
441.52	82.794
441.74	78.625
441.95	38.025
442.16	55.982
442.37	45.496
442.58	67.190
442.79	67.433
443.00	65.572
443.21	75.772
443.42	75.051
443.63	57.264
443.84	46.895
444.05	88.373
444.26	62.015
444.47	75.094
444.68	55.257
444.89	66.416
445.10	70.326
445.31	81.837
445.52	73.611
445.73	63.582
445.94	93.945
446.15	88.038
446.36	54.682
446.57	57.060
446.78	64.645
446.99	89.435
447.20	36.501
447.41	49.928
447.62	60.885
447.83	73.264
448.04	69.477
448.25	42.659
448.46	56.081
448.67	78.896
448.88	76.383
449.09	68.423
449.30	78.823
449.51	60.180
449.72	54.300
449.93	84.915
450.14	62.616
450.35	80.869
450.56	49.048
450.77	51.349
450.98	44.366
451.19	56.282
451.40	56.585
451.61	57.868
451.82	60.715
452.03	75.708
452.24	60.685
452.45	68.843
452.66	57.635
452.87	52.232
453.08	85.661
453.29	64.830
453.50	53.590
453.71	38.641
453.92	90.622
454.13	42.225
454.34	69.103
454.55	68.645
454.76	82.178
454.97	55.186
455.18	62.106
455.39	72.375
455.60	56.668
455.81	60.594
456.02	52.256
456.23	56.847
456.44	75.237
456.65	58.658
456.86	45.482
457.07	66.235
457.28	75.809
457.49	65.596
457.70	48.370
457.90	46.139
458.11	79.997
458.32	50.182
458.53	47.295
458.74	56.754
458.95	71.067
459.16	42.707
459.37	45.009
459.58	84.779
459.79	64.128
460.00	47.120
460.21	83.994
460.42	69.624
460.63	38.423
460.84	48.699
461.05	127.664
461.26	60.162
461.47	34.152
461.68	52.050
461.88	52.816
462.09	51.257
462.30	76.382
462.51	58.527
462.72	47.975
462.93	82.556
463.14	46.114
463.35	54.823
463.56	57.020
463.77	49.195
463.98	62.013
464.19	35.644
464.40	35.925
464.61	42.534
464.81	41.165
465.02	41.212
465.23	40.358
465.44	35.638
465.65	42.210
465.86	53.146
466.07	33.957
466.28	60.930
466.49	54.993
466.70	62.395
466.91	34.025
467.12	43.843
467.32	38.216
467.53	50.953
467.74	59.654
467.95	26.917
468.16	32.530
468.37	27.611
468.58	30.893
468.79	45.202
469.00	38.034
469.21	34.201
469.42	40.581
469.62	39.868
469.83	66.361
470.04	41.770
470.25	29.372
470.46	36.491
470.67	42.719
470.88	43.691
471.09	33.562
471.30	54.882
471.50	36.026
471.71	49.337
471.92	41.114
472.13	31.974
472.34	27.101
472.55	26.144
472.76	44.297
472.97	38.005
473.17	25.336
473.38	23.439
473.59	31.730
473.80	41.942
474.01	45.199
474.22	42.894
474.43	43.565
474.64	42.523
474.84	28.315
475.05	48.431
475.26	36.301
475.47	29.151
475.68	28.521
475.89	34.164
476.10	57.219
476.31	43.727
476.51	28.891
476.72	34.730
476.93	42.592
477.14	31.023
477.35	28.899
477.56	40.594
477.77	29.637
477.97	30.317
478.18	28.014
478.39	21.764
478.60	31.520
478.81	22.374
479.02	31.898
479.22	34.165
479.43	31.297
479.64	31.668
479.85	28.781
480.06	25.085
480.27	36.392
480.48	31.450
480.68	29.873
480.89	21.142
481.10	37.591
481.31	28.378
481.52	23.664
481.73	27.186
481.93	38.445
482.14	26.492
482.35	25.615
482.56	28.095
482.77	23.851
482.98	25.138
483.18	25.433
483.39	22.094
483.60	19.844
483.81	30.295
484.02	27.300
484.22	22.855
484.43	33.470
484.64	25.918
484.85	103.943
485.06	34.871
485.27	30.302
485.47	34.163
485.68	24.087
485.89	18.841
486.10	24.576
486.31	20.115
486.51	29.995
486.72	35.122
486.93	30.300
487.14	28.047
487.35	29.527
487.55	17.300
487.76	29.622
487.97	26.346
488.18	29.137
488.39	26.775
488.59	28.315
488.80	27.804
489.01	28.734
489.22	23.956
489.43	31.640
489.63	51.674
489.84	35.280
490.05	33.733
490.26	27.070
490.46	27.376
490.67	26.346
490.88	26.386
491.09	29.300
491.30	28.062
491.50	17.241
491.71	33.285
491.92	23.478
492.13	20.108
492.33	23.726
492.54	24.017
492.75	27.907
492.96	28.928
493.17	27.021
493.37	18.010
493.58	25.099
493.79	30.933
494.00	27.106
494.20	22.208
494.41	17.627
494.62	21.677
494.83	18.521
495.03	22.929
495.24	24.194
495.45	22.975
495.66	23.132
495.86	28.540
496.07	23.410
496.28	22.476
496.49	21.496
496.70	22.024
496.90	22.604
497.11	18.971
497.32	21.532
497.52	29.394
497.73	26.512
497.94	26.194
498.15	26.754
498.35	23.214
498.56	20.712
498.77	19.490
498.98	25.610
499.18	17.273
499.39	17.714
499.60	29.862
499.81	22.878
500.01	18.566
500.22	36.329
500.43	21.002
500.64	24.803
500.84	18.103
501.05	22.301
501.26	31.805
501.46	34.654
501.67	19.131
501.88	23.870
502.09	20.929
502.29	27.029
502.50	21.629
502.71	20.373
502.91	28.417
503.12	23.779
503.33	26.486
503.54	17.953
503.74	20.279
503.95	17.311
504.16	20.784
504.36	20.567
504.57	27.477
504.78	19.473
504.99	15.049
505.19	21.945
505.40	20.350
505.61	28.673
505.81	16.703
506.02	20.993
506.23	29.101
506.44	17.564
506.64	22.067
506.85	19.194
507.06	20.092
507.26	24.088
507.47	24.679
507.68	18.236
507.88	17.859
508.09	17.291
508.30	22.082
508.50	17.203
508.71	19.428
508.92	29.042
509.12	22.383
509.33	19.790
509.54	18.908
509.74	18.863
509.95	21.277
510.16	23.764
510.37	23.113
510.57	20.062
510.78	15.723
510.99	24.505
511.19	22.960
511.40	22.124
511.61	22.478
511.81	22.594
512.02	27.220
512.23	32.401
512.43	22.454
512.64	23.803
512.85	19.285
513.05	19.179
513.26	27.507
513.47	22.648
513.67	22.586
513.88	20.857
514.08	18.789
514.29	20.263
514.50	24.513
514.70	19.427
514.91	20.486
515.12	24.473
515.32	24.919
515.53	25.689
515.74	26.392
515.94	16.885
516.15	25.960
516.36	23.998
516.56	16.219
516.77	22.766
516.97	23.833
517.18	19.362
517.39	28.695
517.59	25.575
517.80	25.931
518.01	19.318
518.21	31.096
518.42	20.862
518.63	14.798
518.83	24.729
519.04	23.618
519.24	22.797
519.45	23.566
519.66	24.129
519.86	29.094
520.07	28.839
520.28	18.814
520.48	60.216
520.69	30.327
520.89	28.283
521.10	23.421
521.31	28.554
521.51	26.999
521.72	21.217
521.92	18.454
522.13	16.947
522.34	21.533
522.54	20.480
522.75	21.641
522.95	21.791
523.16	19.695
523.37	20.200
523.57	17.404
523.78	23.368
523.98	15.684
524.19	27.747
524.40	26.719
524.60	17.988
524.81	21.424
525.01	18.833
525.22	23.656
525.43	18.805
525.63	28.087
525.84	19.080
526.04	22.149
526.25	17.240
526.46	25.020
526.66	19.557
526.87	19.366
527.07	14.672
527.28	22.250
527.48	16.721
527.69	23.091
527.90	22.769
528.10	27.622
528.31	17.486
528.51	20.572
528.72	23.020
528.92	29.692
529.13	22.973
529.34	26.727
529.54	20.435
529.75	63.540
529.95	19.956
530.16	20.841
530.36	25.374
530.57	19.470
530.78	24.465
530.98	19.031
531.19	21.455
531.39	22.595
531.60	18.448
531.80	19.603
532.01	28.039
532.21	21.291
532.42	22.571
532.62	18.970
532.83	19.962
533.04	17.015
533.24	18.691
533.45	21.404
533.65	21.633
533.86	23.098
534.06	24.025
534.27	22.585
534.47	21.449
534.68	24.293
534.88	21.070
535.09	24.035
535.30	18.721
535.50	24.148
535.71	20.876
535.91	23.515
536.12	23.811
536.32	17.778
536.53	27.637
536.73	25.960
536.94	21.947
537.14	27.613
537.35	18.452
537.55	20.571
537.76	22.769
537.96	25.380
538.17	24.701
538.37	20.125
538.58	16.824
538.78	20.213
538.99	18.336
539.19	16.933
539.40	18.151
539.60	21.611
539.81	26.469
540.01	28.668
540.22	19.084
540.42	22.128
540.63	24.642
540.83	27.729
541.04	19.173
541.24	16.727
541.45	20.313
541.65	27.608
541.86	23.575
542.06	25.622
542.27	32.682
542.47	19.546
542.68	25.919
542.88	24.533
543.09	18.503
543.29	28.579
543.50	20.028
543.70	36.215
543.91	18.073
544.11	23.799
544.32	21.561
544.52	21.499
544.73	19.204
544.93	19.085
545.14	18.926
545.34	20.393
545.55	21.931
545.75	21.502
545.96	24.779
546.16	22.823
546.36	29.932
546.57	25.280
546.77	15.320
546.98	21.103
547.18	24.533
547.39	15.021
547.59	25.085
547.80	22.834
548.00	17.441
548.21	23.239
548.41	16.300
548.61	26.440
548.82	19.157
549.02	22.434
549.23	22.599
549.43	23.769
549.64	23.566
549.84	17.784
550.05	23.889
550.25	17.263
550.46	19.908
550.66	24.306
550.86	19.658
551.07	19.751
551.27	18.192
551.48	21.720
551.68	16.442
551.89	23.015
552.09	14.143
552.29	16.115
552.50	19.820
552.70	18.136
552.91	20.125
553.11	19.414
553.32	29.260
553.52	22.176
553.72	22.488
553.93	20.609
554.13	23.857
554.34	24.686
554.54	17.294
554.75	26.612
554.95	26.181
555.15	16.819
555.36	16.851
555.56	21.601
555.77	19.702
555.97	31.876
556.17	26.575
556.38	23.201
556.58	17.130
556.79	30.116
556.99	17.038
557.19	21.953
557.40	17.924
557.60	22.228
557.81	20.128
558.01	29.789
558.21	19.535
558.42	31.181
558.62	21.806
558.83	19.155
559.03	18.236
559.23	19.083
559.44	20.002
559.64	16.252
559.85	18.767
560.05	23.568
560.25	17.548
560.46	19.749
560.66	30.179
560.86	22.608
561.07	20.750
561.27	18.246
561.48	15.833
561.68	18.407
561.88	14.888
562.09	16.866
562.29	14.762
562.49	27.556
562.70	17.258
562.90	19.327
563.11	21.331
563.31	19.044
563.51	21.499
563.72	25.567
563.92	16.931
564.12	24.183
564.33	20.361
564.53	17.385
564.73	17.179
564.94	20.893
565.14	20.212
565.35	19.119
565.55	25.282
565.75	17.507
565.96	17.090
566.16	20.072
566.36	17.044
566.57	31.347
566.77	17.393
566.97	25.539
567.18	16.213
567.38	20.270
567.58	19.216
567.79	18.584
567.99	18.446
568.19	21.264
568.40	18.373
568.60	16.767
568.80	19.212
569.01	17.338
569.21	23.449
569.41	17.893
569.62	22.909
569.82	19.914
570.02	16.213
570.23	21.418
570.43	20.007
570.63	18.622
570.84	18.702
571.04	20.683
571.24	16.781
571.45	19.717
571.65	16.163
571.85	26.551
572.05	15.558
572.26	16.848
572.46	23.530
572.66	22.887
572.87	19.119
573.07	18.881
573.27	17.502
573.48	22.787
573.68	12.421
573.88	17.803
574.09	18.277
574.29	18.195
574.49	17.830
574.69	14.926
574.90	20.062
575.10	16.803
575.30	14.293
575.51	13.221
575.71	18.877
575.91	24.343
576.11	17.934
576.32	14.321
576.52	14.268
576.72	21.208
576.93	19.656
577.13	25.009
577.33	20.665
577.53	21.353
577.74	14.464
577.94	24.081
578.14	12.603
578.35	15.890
578.55	17.059
578.75	21.939
578.95	20.418
579.16	18.263
579.36	13.534
579.56	19.525
579.76	20.852
579.97	15.184
580.17	21.253
580.37	17.899
580.57	18.687
580.78	23.530
580.98	18.816
581.18	25.493
581.38	19.495
581.59	27.534
581.79	23.868
581.99	16.781
582.19	19.560
582.40	24.161
582.60	23.668
582.80	20.161
583.00	19.275
583.21	30.087
583.41	22.603
583.61	23.056
583.81	22.775
584.02	26.587
584.22	22.011
584.42	19.938
584.62	20.443
584.83	18.438
585.03	21.259
585.23	22.430
585.43	24.246
585.63	19.901
585.84	20.558
586.04	20.417
586.24	20.768
586.44	20.417
586.65	19.389
586.85	24.374
587.05	21.111
587.25	17.147
587.45	26.608
587.66	17.588
587.86	28.390
588.06	15.508
588.26	21.230
588.47	22.056
588.67	16.542
588.87	16.019
589.07	21.135
589.27	22.847
589.48	32.056
589.68	22.215
589.88	18.655
590.08	14.568
590.28	16.973
590.49	19.098
590.69	15.221
590.89	19.414
591.09	17.865
591.29	20.178
591.50	14.717
591.70	23.209
591.90	20.410
592.10	15.484
592.30	18.424
592.50	21.702
592.71	18.325
592.91	18.057
593.11	19.326
593.31	19.015
593.51	18.963
593.72	19.524
593.92	18.772
594.12	16.303
594.32	19.529
594.52	15.881
594.72	17.758
594.93	22.503
595.13	15.081
595.33	21.722
595.53	23.886
595.73	18.870
595.93	24.845
596.14	20.488
596.34	16.872
596.54	23.847
596.74	23.333
596.94	31.549
597.14	15.838
597.35	24.161
597.55	16.857
597.75	15.748
597.95	18.235
598.15	23.423
598.35	22.550
598.55	18.211
598.76	20.521
598.96	23.547
599.16	20.171
599.36	22.755
599.56	25.706
599.76	19.096
599.96	17.776
600.17	25.932
600.37	26.785
600.57	17.451
600.77	24.402
600.97	24.295
601.17	18.342
601.37	28.347
601.57	29.353
601.78	23.016
601.98	17.269
602.18	18.725
602.38	20.206
602.58	21.828
602.78	31.959
602.98	22.448
603.18	27.223
603.39	21.063
603.59	17.597
603.79	24.207
603.99	23.190
604.19	22.712
604.39	20.057
604.59	23.498
604.79	18.033
604.99	34.193
605.19	23.126
605.40	29.425
605.60	19.886
605.80	24.093
606.00	17.236
606.20	28.908
606.40	14.858
606.60	20.730
606.80	20.294
607.00	25.059
607.20	20.377
607.41	25.422
607.61	21.856
607.81	21.237
608.01	18.094
608.21	18.742
608.41	16.613
608.61	19.051
608.81	23.635
609.01	23.450
609.21	17.373
609.41	22.793
609.61	28.252
609.81	24.406
610.02	28.651
610.22	23.600
610.42	25.783
610.62	20.403
610.82	21.054
611.02	23.240
611.22	25.572
611.42	20.906
611.62	19.294
611.82	29.358
612.02	20.183
612.22	19.303
612.42	19.996
612.62	23.460
612.82	22.792
613.02	24.839
613.23	21.410
613.43	18.633
613.63	26.888
613.83	17.436
614.03	23.967
614.23	23.584
614.43	16.350
614.63	25.709
614.83	21.989
615.03	27.040
615.23	23.112
615.43	19.978
615.63	21.512
615.83	24.122
616.03	19.793
616.23	19.728
616.43	28.828
616.63	21.306
616.83	22.457
617.03	50.867
617.23	26.893
617.43	23.798
617.63	19.278
617.83	36.286
618.03	22.365
618.23	36.707
618.43	21.827
618.63	29.285
618.83	25.229
619.03	26.944
619.23	29.993
619.43	24.027
619.63	26.320
619.83	23.181
620.03	18.762
620.23	24.840
620.43	27.212
620.63	28.906
620.83	24.564
621.03	26.888
621.23	26.519
621.43	25.228
621.63	25.564
621.83	24.022
622.03	34.452
622.23	31.129
622.43	23.950
622.63	25.408
622.83	21.094
623.03	24.297
623.23	27.327
623.43	20.315
623.63	21.371
623.83	22.804
624.03	28.120
624.23	20.512
624.43	21.174
624.63	22.086
624.83	23.752
625.03	24.159
625.23	25.127
625.43	29.803
625.63	18.593
625.83	21.729
626.03	20.904
626.23	22.622
626.43	33.847
626.63	21.606
626.83	18.018
627.03	21.984
627.23	21.493
627.43	24.760
627.63	16.967
627.83	20.921
628.03	19.636
628.23	20.081
628.43	26.782
628.62	21.332
628.82	22.344
629.02	32.835
629.22	25.264
629.42	24.700
629.62	16.689
629.82	20.448
630.02	22.020
630.22	21.283
630.42	23.154
630.62	20.792
630.82	21.642
631.02	17.000
631.22	19.892
631.42	25.687
631.62	20.644
631.81	24.227
632.01	20.759
632.21	23.307
632.41	19.969
632.61	23.654
632.81	27.413
633.01	25.456
633.21	20.672
633.41	19.017
633.61	22.204
633.81	24.227
634.01	24.825
634.21	25.639
634.40	36.697
634.60	27.179
634.80	30.424
635.00	25.881
635.20	22.835
635.40	22.849
635.60	24.717
635.80	25.736
636.00	31.242
636.20	23.563
636.39	29.473
636.59	30.487
636.79	37.776
636.99	27.460
637.19	27.829
637.39	29.165
637.59	25.043
637.79	36.504
637.99	24.504
638.18	25.063
638.38	26.614
638.58	28.356
638.78	32.715
638.98	28.596
639.18	32.947
639.38	23.881
639.58	27.621
639.78	27.860
639.97	30.645
640.17	25.707
640.37	25.118
640.57	27.146
640.77	31.837
640.97	33.042
641.17	31.400
641.36	29.923
641.56	34.420
641.76	25.993
641.96	29.409
642.16	35.278
642.36	31.049
642.56	29.542
642.75	32.070
642.95	31.741
643.15	34.470
643.35	34.094
643.55	35.770
643.75	34.514
643.95	37.863
644.14	31.180
644.34	32.626
644.54	32.613
644.74	38.804
644.94	31.710
645.14	39.200
645.33	41.288
645.53	28.794
645.73	29.031
645.93	32.547
646.13	28.650
646.33	38.792
646.52	31.904
646.72	31.747
646.92	35.831
647.12	24.139
647.32	28.124
647.52	24.771
647.71	33.931
647.91	33.315
648.11	29.379
648.31	27.389
648.51	29.462
648.70	32.546
648.90	25.005
649.10	28.090
649.30	31.941
649.50	28.255
649.69	28.910
649.89	27.734
650.09	30.857
650.29	45.533
650.49	32.773
650.68	29.642
650.88	29.030
651.08	30.085
651.28	36.044
651.48	29.029
651.67	34.560
651.87	30.061
652.07	34.937
652.27	38.969
652.47	34.652
652.66	31.825
652.86	36.505
653.06	39.274
653.26	38.476
653.46	44.822
653.65	33.285
653.85	37.275
654.05	38.862
654.25	38.488
654.44	36.836
654.64	37.628
654.84	34.507
655.04	35.599
655.24	38.247
655.43	31.705
655.63	35.195
655.83	32.006
656.03	31.681
656.22	26.949
656.42	33.460
656.62	35.904
656.82	31.176
657.01	32.096
657.21	33.443
657.41	35.236
657.61	35.475
657.80	32.026
658.00	31.682
658.20	36.373
658.40	39.517
658.59	33.666
658.79	38.729
658.99	52.646
659.19	38.053
659.38	42.255
659.58	39.596
659.78	46.043
659.98	32.168
660.17	35.100
660.37	42.548
660.57	34.580
660.76	39.798
660.96	39.360
661.16	44.052
661.36	37.134
661.55	46.855
661.75	43.714
661.95	33.817
662.15	48.203
662.34	34.326
662.54	54.264
662.74	41.892
662.93	44.477
663.13	43.542
663.33	53.034
663.53	38.045
663.72	37.517
663.92	39.019
664.12	39.565
664.31	38.471
664.51	45.339
664.71	43.580
664.90	41.260
665.10	44.269
665.30	44.871
665.50	44.061
665.69	41.720
665.89	37.295
666.09	42.858
666.28	48.140
666.48	42.334
666.68	40.989
666.87	38.852
667.07	47.916
667.27	48.522
667.46	44.613
667.66	44.560
667.86	39.802
668.05	45.152
668.25	46.331
668.45	42.113
668.65	45.674
668.84	47.942
669.04	46.749
669.24	46.566
669.43	49.843
669.63	50.403
669.83	40.955
670.02	44.300
670.22	50.891
670.42	51.176
670.61	43.207
670.81	51.069
671.00	53.204
671.20	40.560
671.40	44.630
671.59	48.914
671.79	44.124
671.99	42.190
672.18	49.642
672.38	54.412
672.58	52.269
672.77	50.750
672.97	50.980
673.17	45.989
673.36	44.473
673.56	50.194
673.76	48.080
673.95	61.574
674.15	49.415
674.34	50.473
674.54	44.662
674.74	54.441
674.93	49.732
675.13	53.457
675.33	51.460
675.52	52.074
675.72	48.780
675.91	49.718
676.11	47.088
676.31	53.587
676.50	48.102
676.70	44.991
676.90	51.282
677.09	57.572
677.29	44.174
677.48	55.305
677.68	45.478
677.88	44.885
678.07	47.480
678.27	52.571
678.46	48.757
678.66	53.042
678.86	48.201
679.05	49.196
679.25	59.341
679.44	48.009
679.64	46.373
679.84	43.080
680.03	49.689
680.23	49.137
680.42	52.998
680.62	48.345
680.82	44.543
681.01	50.555
681.21	51.070
681.40	50.186
681.60	43.948
681.80	50.070
681.99	52.636
682.19	53.717
682.38	47.259
682.58	51.595
682.77	46.965
682.97	47.256
683.17	47.968
683.36	42.603
683.56	49.101
683.75	50.422
683.95	45.362
684.14	51.100
684.34	48.089
684.53	49.876
684.73	49.571
684.93	43.042
685.12	49.035
685.32	46.771
685.51	52.688
685.71	47.855
685.90	44.360
686.10	48.890
686.29	41.559
686.49	39.252
686.69	42.668
686.88	31.923
687.08	32.107
687.27	30.404
687.47	30.816
687.66	30.488
687.86	30.961
688.05	29.556
688.25	25.731
688.44	31.151
688.64	28.493
688.83	22.635
689.03	34.202
689.23	29.246
689.42	34.901
689.62	29.918
689.81	22.729
690.01	23.791
690.20	24.031
690.40	40.742
690.59	31.983
690.79	29.905
690.98	36.055
691.18	39.102
691.37	32.329
691.57	32.100
691.76	36.372
691.96	37.694
692.15	35.113
692.35	31.233
692.54	33.232
692.74	37.937
692.93	35.275
693.13	35.234
693.32	41.517
693.52	35.487
693.71	32.952
693.91	31.437
694.10	37.076
694.30	37.593
694.49	43.277
694.69	32.729
694.88	39.928
695.08	43.586
695.27	38.399
695.47	44.233
695.66	35.373
695.86	37.485
696.05	44.461
696.25	44.577
696.44	45.053
696.63	41.981
696.83	53.185
697.02	54.348
697.22	39.930
697.41	46.207
697.61	46.817
697.80	47.379
698.00	79.893
698.19	49.323
698.39	80.674
698.58	34.622
698.78	66.476
698.97	40.448
699.17	45.838
699.36	38.120
699.55	38.774
699.75	38.109
699.94	36.326
700.14	35.182
700.33	38.881
700.53	41.894
700.72	40.447
700.92	38.861
701.11	38.905
701.30	39.190
701.50	35.625
701.69	36.506
701.89	45.845
702.08	38.957
702.28	35.418
702.47	38.926
702.66	41.690
702.86	46.397
703.05	47.137
703.25	54.797
703.44	40.641
703.64	48.147
703.83	45.493
704.02	40.676
704.22	45.748
704.41	44.192
704.61	47.789
704.80	41.600
704.99	50.836
705.19	44.433
705.38	41.102
705.58	42.485
705.77	38.230
705.96	46.924
706.16	49.406
706.35	42.757
706.55	52.630
706.74	47.950
706.93	45.140
707.13	38.915
707.32	49.252
707.52	56.807
707.71	47.347
707.90	49.213
708.10	55.785
708.29	46.304
708.49	39.471
708.68	58.070
708.87	45.896
709.07	53.837
709.26	51.454
709.46	51.875
709.65	51.638
709.84	53.584
710.04	50.524
710.23	50.392
710.42	48.906
710.62	44.485
710.81	44.180
711.00	57.479
711.20	44.958
711.39	52.074
711.59	58.577
711.78	54.527
711.97	50.217
712.17	46.960
712.36	54.012
712.55	47.564
712.75	55.086
712.94	55.341
713.13	50.542
713.33	50.478
713.52	47.174
713.71	43.138
713.91	53.645
714.10	44.088
714.29	51.790
714.49	46.463
714.68	47.955
714.87	43.932
715.07	54.260
715.26	42.836
715.45	42.117
715.65	36.823
715.84	49.533
716.03	41.007
716.23	36.415
716.42	33.948
716.61	33.686
716.81	29.835
717.00	30.565
717.19	28.137
717.39	25.329
717.58	28.753
717.77	34.034
717.97	24.037
718.16	29.533
718.35	21.473
718.55	27.557
718.74	21.667
718.93	27.433
719.13	27.056
719.32	19.205
719.51	19.955
719.70	33.713
719.90	37.016
720.09	26.480
720.28	22.689
720.48	25.222
720.67	28.045
720.86	30.144
721.05	35.464
721.25	38.643
721.44	37.100
721.63	40.011
721.83	35.716
722.02	44.704
722.21	39.860
722.40	40.904
722.60	38.968
722.79	30.587
722.98	30.560
723.18	29.792
723.37	34.361
723.56	26.088
723.75	30.787
723.95	38.479
724.14	22.394
724.33	33.047
724.52	25.590
724.72	26.328
724.91	39.860
725.10	28.042
725.29	28.139
725.49	29.645
725.68	32.122
725.87	28.311
726.07	25.575
726.26	30.002
726.45	27.419
726.64	32.063
726.84	30.221
727.03	30.149
727.22	24.147
727.41	41.058
727.60	34.409
727.80	31.726
727.99	34.195
728.18	41.268
728.37	34.837
728.57	29.802
728.76	34.035
728.95	45.384
729.14	35.577
729.34	32.795
729.53	30.745
729.72	33.551
729.91	28.010
730.10	26.554
730.30	26.503
730.49	28.002
730.68	28.792
730.87	25.364
731.07	31.913
731.26	33.372
731.45	35.831
731.64	32.710
731.83	39.440
732.03	37.923
732.22	34.776
732.41	56.903
732.60	50.614
732.79	47.463
732.99	43.383
733.18	47.998
733.37	39.090
733.56	47.775
733.75	44.191
733.95	47.447
734.14	43.995
734.33	43.286
734.52	52.412
734.71	45.788
734.90	40.803
735.10	46.471
735.29	50.855
735.48	42.449
735.67	42.725
735.86	41.356
736.06	45.471
736.25	45.320
736.44	37.314
736.63	42.134
736.82	41.228
737.01	48.173
737.21	38.622
737.40	57.110
737.59	51.330
737.78	52.006
737.97	42.258
738.16	49.813
738.36	44.834
738.55	49.913
738.74	56.504
738.93	45.177
739.12	51.563
739.31	45.510
739.50	47.181
739.70	52.819
739.89	47.859
740.08	48.192
740.27	53.455
740.46	55.461
740.65	54.230
740.84	50.851
741.04	67.005
741.23	52.471
741.42	51.656
741.61	51.468
741.80	65.451
741.99	50.610
742.18	53.590
742.37	49.373
742.57	53.917
742.76	50.255
742.95	59.485
743.14	50.902
743.33	62.217
743.52	61.098
743.71	61.295
743.90	55.151
744.10	61.890
744.29	51.755
744.48	63.410
744.67	54.694
744.86	57.354
745.05	65.049
745.24	48.643
745.43	53.843
745.62	58.116
745.81	57.317
746.01	67.694
746.20	54.836
746.39	64.075
746.58	52.901
746.77	61.140
746.96	63.536
747.15	55.387
747.34	56.998
747.53	60.693
747.72	56.239
747.91	63.091
748.11	52.013
748.30	64.484
748.49	69.660
748.68	62.598
748.87	65.085
749.06	52.211
749.25	57.609
749.44	62.389
749.63	58.460
749.82	69.762
750.01	60.892
750.20	60.640
750.39	56.347
750.58	51.570
750.78	60.253
750.97	58.601
751.16	54.897
751.35	50.370
751.54	69.137
751.73	56.551
751.92	49.333
752.11	50.803
752.30	60.245
752.49	56.751
752.68	55.206
752.87	60.507
753.06	59.268
753.25	62.134
753.44	49.150
753.63	70.892
753.82	56.586
754.01	55.500
754.20	60.794
754.39	60.776
754.58	66.289
754.77	58.318
754.96	55.945
755.15	54.206
755.34	58.289
755.53	65.193
755.73	51.358
755.92	51.267
756.11	61.272
756.30	56.052
756.49	51.642
756.68	55.776
756.87	59.863
757.06	57.133
757.25	57.673
757.44	50.377
757.63	56.444
757.82	56.443
758.01	58.663
758.20	52.354
758.39	65.400
758.58	52.374
758.77	44.202
758.96	55.116
759.15	39.608
759.34	37.039
759.53	39.841
759.72	43.758
759.91	28.081
760.10	34.309
760.29	36.141
760.47	27.501
760.66	25.096
760.85	21.341
761.04	18.523
761.23	24.612
761.42	17.704
761.61	19.132
761.80	12.958
761.99	14.057
762.18	18.694
762.37	27.934
762.56	24.022
762.75	20.825
762.94	24.667
763.13	15.480
763.32	18.860
763.51	22.736
763.70	18.184
763.89	14.982
764.08	17.687
764.27	22.138
764.46	33.633
764.65	11.753
764.84	20.739
765.03	12.728
765.22	14.062
765.40	19.678
765.59	24.029
765.78	26.698
765.97	20.660
766.16	25.417
766.35	26.440
766.54	23.575
766.73	36.771
766.92	35.163
767.11	25.703
767.30	40.152
767.49	36.304
767.68	47.738
767.87	43.848
768.05	40.810
768.24	36.077
768.43	37.957
768.62	54.503
768.81	47.929
769.00	48.307
769.19	44.472
769.38	49.697
769.57	48.719
769.76	51.387
769.95	50.391
770.14	51.325
770.32	52.104
770.51	44.545
770.70	48.557
770.89	57.556
771.08	47.993
771.27	45.236
771.46	50.789
771.65	52.841
771.84	49.691
772.02	58.845
772.21	44.210
772.40	57.512
772.59	50.745
772.78	54.298
772.97	50.188
773.16	58.431
773.35	58.868
773.54	47.676
773.72	49.752
773.91	46.941
774.10	50.669
774.29	51.286
774.48	56.770
774.67	59.419
774.86	51.216
775.04	53.898
775.23	54.268
775.42	57.492
775.61	60.008
775.80	50.352
775.99	66.374
776.18	60.310
776.36	60.801
776.55	52.618
776.74	51.866
776.93	49.604
777.12	53.824
777.31	66.815
777.50	59.053
777.68	62.157
777.87	65.114
778.06	58.236
778.25	53.570
778.44	53.673
778.63	51.355
778.81	58.019
779.00	54.792
779.19	60.340
779.38	54.164
779.57	47.893
779.76	59.997
779.94	59.894
780.13	50.675
780.32	51.761
780.51	48.897
780.70	59.056
780.88	56.810
781.07	57.453
781.26	53.525
781.45	52.718
781.64	63.005
781.82	49.626
782.01	50.730
782.20	83.281
782.39	58.068
782.58	60.505
782.77	59.920
782.95	55.697
783.14	51.031
783.33	60.964
783.52	50.853
783.70	69.005
783.89	45.342
784.08	59.106
784.27	45.834
784.46	47.607
784.64	46.892
784.83	56.402
785.02	48.061
785.21	53.962
785.40	54.033
785.58	51.409
785.77	69.426
785.96	53.569
786.15	45.039
786.33	53.166
786.52	51.448
786.71	44.210
786.90	52.694
787.08	46.468
787.27	52.069
787.46	48.226
787.65	50.429
787.83	61.532
788.02	48.635
788.21	44.870
788.40	51.497
788.58	46.997
788.77	50.822
788.96	43.064
789.15	36.535
789.33	43.922
789.52	41.853
789.71	50.084
789.90	44.844
790.08	52.299
790.27	51.025
790.46	43.121
790.65	49.671
790.83	40.492
791.02	45.403
791.21	50.845
791.40	36.338
791.58	48.817
791.77	56.440
791.96	36.857
792.14	42.415
792.33	50.284
792.52	52.226
792.71	37.902
792.89	50.661
793.08	50.036
793.27	42.901
793.45	42.015
793.64	43.501
793.83	64.034
794.02	53.289
794.20	54.535
794.39	49.803
794.58	46.165
794.76	52.229
794.95	48.863
795.14	42.674
795.32	46.559
795.51	46.703
795.70	52.689
795.89	40.634
796.07	47.295
796.26	39.190
796.45	38.052
796.63	42.992
796.82	48.952
797.01	35.411
797.19	38.736
797.38	43.019
797.57	41.301
797.75	44.404
797.94	42.239
798.13	44.590
798.31	40.145
798.50	38.562
798.69	45.669
798.87	38.555
799.06	41.442
799.25	39.590
799.43	46.362
799.62	41.671
799.81	46.100
799.99	46.029
800.18	32.356
800.37	32.229
800.55	42.153
800.74	39.747
800.93	43.517
801.11	38.865
801.30	45.061
801.48	40.686
801.67	47.804
801.86	48.024
802.04	38.396
802.23	39.504
802.42	32.565
802.60	38.434
802.79	40.154
802.98	41.113
803.16	44.007
803.35	37.581
803.53	43.952
803.72	37.739
803.91	33.888
804.09	38.805
804.28	34.804
804.47	36.207
804.65	40.205
804.84	30.340
805.02	42.129
805.21	42.852
805.40	38.476
805.58	43.792
805.77	40.224
805.95	44.993
806.14	44.718
806.33	40.362
806.51	41.837
806.70	47.386
806.88	43.643
807.07	44.007
807.26	40.688
807.44	35.815
807.63	38.591
807.81	36.237
808.00	44.782
808.19	41.102
808.37	46.635
808.56	35.011
808.74	46.962
808.93	40.336
809.11	39.895
809.30	39.936
809.49	37.716
809.67	43.487
809.86	35.479
810.04	35.461
810.23	45.346
810.41	42.130
810.60	35.833
810.79	34.639
810.97	36.938
811.16	39.337
811.34	38.097
811.53	32.238
811.71	38.408
811.90	38.653
812.08	37.972
812.27	40.308
812.46	37.533
812.64	23.929
812.83	37.629
813.01	28.776
813.20	32.094
813.38	27.121
813.57	27.122
813.75	26.606
813.94	27.813
814.12	38.261
814.31	31.539
814.49	28.818
814.68	37.470
814.86	24.689
815.05	24.181
815.24	23.895
815.42	30.056
815.61	22.219
815.79	25.336
815.98	35.979
816.16	17.355
816.35	23.809
816.53	23.145
816.72	23.975
816.90	19.796
817.09	22.085
817.27	24.314
817.46	24.348
817.64	21.374
817.83	32.373
818.01	26.435
818.20	32.176
818.38	20.308
818.57	26.042
818.75	32.418
818.94	39.634
819.12	33.780
819.31	24.252
819.49	19.394
819.68	25.545
819.86	25.721
820.05	25.330
820.23	25.798
820.42	23.538
820.60	31.841
820.78	28.056
820.97	27.131
821.15	30.835
821.34	31.723
821.52	39.350
821.71	31.279
821.89	27.468
822.08	25.090
822.26	22.980
822.45	33.461
822.63	28.049
822.82	32.324
823.00	29.769
823.18	24.371
823.37	35.876
823.55	24.834
823.74	22.441
823.92	58.031
824.11	25.657
824.29	60.889
824.48	30.242
824.66	32.617
824.84	31.278
825.03	41.612
825.21	28.543
825.40	28.101
825.58	32.178
825.77	34.469
825.95	27.010
826.14	29.646
826.32	40.439
826.50	32.681
826.69	41.939
826.87	41.426
827.06	31.173
827.24	31.719
827.42	29.641
827.61	44.939
827.79	31.367
827.98	31.745
828.16	34.647
828.35	31.810
828.53	32.699
828.71	26.943
828.90	32.746
829.08	32.886
829.27	43.010
829.45	41.510
829.63	28.003
829.82	33.984
830.00	30.487
830.18	25.902
830.37	43.637
830.55	29.522
830.74	42.013
830.92	29.328
831.10	28.151
831.29	29.556
831.47	40.512
831.66	41.775
831.84	37.865
832.02	25.917
832.21	42.377
832.39	27.981
832.57	41.553
832.76	22.359
832.94	23.981
833.13	28.095
833.31	45.073
833.49	26.959
833.68	38.587
833.86	38.534
834.04	32.089
834.23	40.899
834.41	28.592
834.59	40.271
834.78	29.725
834.96	41.587
835.14	33.516
835.33	38.517
835.51	45.210
835.69	40.740
835.88	46.726
836.06	30.564
836.24	40.696
836.43	34.854
836.61	36.846
836.79	32.341
836.98	34.315
837.16	38.437
837.34	45.467
837.53	49.694
837.71	37.891
837.89	28.699
838.08	30.875
838.26	45.239
838.44	52.796
838.63	36.608
838.81	41.782
838.99	45.595
839.18	38.299
839.36	39.148
839.54	52.698
839.73	50.232
839.91	50.015
840.09	42.358
840.28	39.347
840.46	36.676
840.64	42.779
840.82	42.544
841.01	42.106
841.19	46.101
841.37	43.132
841.56	46.619
841.74	48.399
841.92	34.845
842.10	43.489
842.29	44.758
842.47	49.203
842.65	47.203
842.84	43.750
843.02	43.783
843.20	39.153
843.38	56.307
843.57	55.922
843.75	42.855
843.93	58.038
844.11	39.911
844.30	44.025
844.48	41.825
844.66	34.253
844.84	44.553
845.03	50.152
845.21	38.199
845.39	64.638
845.58	45.056
845.76	54.284
845.94	35.698
846.12	41.735
846.31	39.183
846.49	44.521
846.67	45.064
846.85	41.118
847.03	42.628
847.22	53.882
847.40	41.975
847.58	43.662
847.76	97.300
847.95	52.764
848.13	43.413
848.31	38.192
848.49	48.755
848.68	40.623
848.86	54.876
849.04	42.976
849.22	41.071
849.40	53.391
849.59	46.772
849.77	48.225
849.95	57.239
850.13	49.595
850.32	52.736
850.50	59.347
850.68	45.379
850.86	42.292
851.04	49.416
851.23	51.048
851.41	51.853
851.59	37.019
851.77	42.482
851.95	42.007
852.14	41.886
852.32	32.762
852.50	38.133
852.68	42.879
852.86	44.111
853.04	45.755
853.23	48.633
853.41	37.781
853.59	44.469
853.77	35.528
853.95	40.144
854.14	45.048
854.32	51.185
854.50	46.926
854.68	38.370
854.86	38.762
855.04	44.681
855.23	42.263
855.41	44.130
855.59	46.981
855.77	35.230
855.95	51.478
856.13	39.522
856.31	58.015
856.50	40.430
856.68	43.186
856.86	43.771
857.04	51.654
857.22	62.178
857.40	42.952
857.59	47.283
857.77	54.382
857.95	38.747
858.13	48.045
858.31	43.992
858.49	43.924
858.67	44.730
858.85	37.622
859.04	39.475
859.22	48.601
859.40	41.321
859.58	42.666
859.76	38.195
859.94	35.859
860.12	52.895
860.30	39.627
860.49	67.554
860.67	46.769
860.85	51.234
861.03	44.315
861.21	47.973
861.39	42.798
861.57	40.356
861.75	49.599
861.93	41.227
862.12	55.401
862.30	54.939
862.48	37.241
862.66	46.608
862.84	44.346
863.02	43.300
863.20	47.941
863.38	47.096
863.56	50.247
863.74	37.774
863.92	39.201
864.11	42.600
864.29	51.129
864.47	56.022
864.65	44.325
864.83	44.355
865.01	36.004
865.19	46.244
865.37	58.592
865.55	43.314
865.73	48.617
865.91	50.704
866.09	42.914
866.27	38.565
866.45	41.823
866.64	45.739
866.82	47.515
867.00	38.435
867.18	33.210
867.36	50.658
867.54	36.506
867.72	41.752
867.90	44.912
868.08	42.298
868.26	61.954
868.44	46.558
868.62	48.222
868.80	46.306
868.98	49.399
869.16	45.755
869.34	47.504
869.52	60.987
869.70	69.684
869.88	60.431
870.06	39.215
870.24	49.591
870.42	42.144
870.60	48.489
870.78	47.752
870.96	52.866
871.14	39.545
871.32	50.695
871.50	41.531
871.68	39.438
871.86	45.594
872.04	45.072
872.22	44.121
872.40	46.695
872.58	41.500
872.76	39.903
872.94	40.130
873.12	41.477
873.30	55.084
873.48	45.742
873.66	51.276
873.84	43.182
874.02	44.404
874.20	47.045
874.38	46.098
874.56	54.963
874.74	42.624
874.92	39.676
875.10	45.775
875.28	43.562
875.46	40.076
875.64	59.634
875.82	39.461
876.00	44.166
876.18	61.454
876.36	51.098
876.54	52.199
876.72	55.928
876.90	40.262
877.08	41.704
877.26	56.751
877.44	43.256
877.62	38.281
877.80	54.235
877.98	44.260
878.16	45.227
878.34	45.738
878.52	52.596
878.70	50.362
878.88	48.070
879.05	48.471
879.23	40.127
879.41	41.895
879.59	44.334
879.77	52.552
879.95	39.449
880.13	50.699
880.31	46.339
880.49	35.533
880.67	35.866
880.85	36.613
881.03	41.802
881.21	51.830
881.39	38.091
881.56	41.630
881.74	44.413
881.92	44.000
882.10	107.945
882.28	40.654
882.46	54.871
882.64	50.462
882.82	42.134
883.00	39.973
883.18	41.627
883.36	39.208
883.53	36.562
883.71	53.866
883.89	48.281
884.07	61.640
884.25	34.137
884.43	46.259
884.61	44.075
884.79	34.703
884.97	39.111
885.14	37.004
885.32	27.874
885.50	42.908
885.68	28.972
885.86	41.649
886.04	37.690
886.22	37.100
886.40	35.629
886.57	33.810
886.75	27.543
886.93	42.083
887.11	37.949
887.29	49.024
887.47	38.964
887.65	64.899
887.82	36.119
888.00	39.088
888.18	45.588
888.36	37.683
888.54	35.100
888.72	34.488
888.90	34.857
889.07	33.030
889.25	36.992
889.43	35.532
889.61	36.776
889.79	45.912
889.97	35.267
890.14	48.142
890.32	34.136
890.50	30.240
890.68	39.614
890.86	39.215
891.04	33.468
891.21	36.567
891.39	42.903
891.57	43.163
891.75	30.287
891.93	39.383
892.10	43.400
892.28	44.812
892.46	41.410
892.64	34.736
892.82	48.148
893.00	30.649
893.17	38.357
893.35	27.964
893.53	47.173
893.71	33.549
893.89	27.744
894.06	35.051
894.24	35.852
894.42	32.144
894.60	35.193
894.78	26.571
894.95	26.015
895.13	65.126
895.31	33.632
895.49	26.436
895.66	30.508
895.84	30.682
896.02	30.443
896.20	23.983
896.38	23.342
896.55	23.965
896.73	34.672
896.91	22.911
897.09	30.715
897.26	21.228
897.44	24.913
897.62	33.848
897.80	18.238
897.97	32.473
898.15	17.912
898.33	33.246
898.51	26.767
898.68	24.860
898.86	31.517
899.04	37.360
899.22	26.655
899.39	28.348
899.57	27.228
899.75	25.629
899.93	15.947
900.10	27.284
900.28	26.813
900.46	32.259
900.64	35.161
900.81	31.729
900.99	26.414
901.17	23.709
901.34	23.965
901.52	32.058
901.70	27.085
901.88	28.270
902.05	30.928
902.23	31.093
902.41	28.951
902.58	19.379
902.76	31.509
902.94	29.230
903.12	33.520
903.29	30.731
903.47	32.298
903.65	23.800
903.82	37.152
904.00	41.406
904.18	36.826
904.36	29.707
904.53	36.073
904.71	34.029
904.89	32.241
905.06	48.304
905.24	41.196
905.42	28.668
905.59	36.803
905.77	32.619
905.95	29.270
906.12	29.819
906.30	31.185
906.48	25.113
906.65	36.468
906.83	42.379
907.01	34.797
907.18	24.730
907.36	34.358
907.54	19.527
907.71	34.200
907.89	31.517
908.07	18.685
908.24	37.718
908.42	32.674
908.60	26.458
908.77	31.336
908.95	38.443
909.13	29.043
909.30	37.378
909.48	25.891
909.66	25.220
909.83	25.186
910.01	17.567
910.18	35.110
910.36	23.925
910.54	32.357
910.71	23.208
910.89	26.073
911.07	29.515
911.24	39.109
911.42	19.738
911.59	41.281
911.77	24.070
911.95	21.526
912.12	25.146
912.30	28.141
912.48	27.974
912.65	35.142
912.83	32.001
913.00	28.806
913.18	23.387
913.36	28.440
913.53	25.880
913.71	34.553
913.88	39.974
914.06	24.796
914.24	38.026
914.41	26.588
914.59	31.585
914.76	28.029
914.94	29.082
915.12	27.543
915.29	26.614
915.47	39.901
915.64	28.691
915.82	34.051
915.99	21.844
916.17	28.115
916.35	31.421
916.52	25.986
916.70	26.089
916.87	19.248
917.05	37.788
917.22	30.312
917.40	42.230
917.58	36.265
917.75	26.375
917.93	33.197
918.10	26.755
918.28	33.806
918.45	36.870
918.63	21.654
918.80	20.332
918.98	38.195
919.16	33.042
919.33	34.420
919.51	31.332
919.68	39.683
919.86	24.028
920.03	33.854
920.21	37.237
920.38	41.999
920.56	28.724
920.73	37.116
920.91	31.288
921.08	31.400
921.26	44.089
921.44	40.348
921.61	30.065
921.79	70.245
921.96	36.916
922.14	25.741
922.31	27.933
922.49	33.868
922.66	34.338
922.84	22.326
923.01	37.744
923.19	44.636
923.36	31.804
923.54	43.025
923.71	56.610
923.89	49.211
924.06	52.481
924.24	45.013
924.41	34.091
924.59	26.970
924.76	33.102
924.94	51.570
925.11	32.210
925.29	41.448
925.46	27.263
925.64	34.823
925.81	31.346
925.98	35.199
926.16	45.536
926.33	30.948
926.51	35.113
926.68	46.394
926.86	21.580
927.03	36.069
927.21	48.144
927.38	53.300
927.56	28.381
927.73	52.523
927.91	24.335
928.08	23.400
928.26	29.999
928.43	22.489
928.60	33.810
928.78	38.234
928.95	36.278
929.13	23.814
929.30	32.622
929.48	42.085
929.65	26.128
929.83	61.935
930.00	23.062
930.17	25.247
930.35	33.585
930.52	36.483
930.70	55.791
930.87	32.549
931.05	26.555
931.22	22.098
931.39	27.923
931.57	29.669
931.74	31.906
931.92	26.617
932.09	35.824
932.26	46.267
932.44	36.600
932.61	20.628
932.79	46.469
932.96	30.308
933.13	27.687
933.31	39.769
933.48	47.615
933.66	47.196
933.83	41.558
934.00	29.194
934.18	30.526
934.35	35.831
934.53	24.360
934.70	41.640
934.87	24.829
935.05	43.280
935.22	33.433
935.40	32.832
935.57	30.287
935.74	31.528
935.92	31.792
936.09	45.442
936.26	34.194
936.44	39.729
936.61	41.589
936.79	47.693
936.96	33.578
937.13	45.653
937.31	33.182
937.48	47.221
937.65	31.997
937.83	31.056
938.00	34.549
938.17	41.598
938.35	47.382
938.52	32.226
938.69	46.218
938.87	37.224
939.04	34.793
939.21	48.565
939.39	27.111
939.56	37.118
939.73	47.932
939.91	35.350
940.08	50.472
940.25	51.930
940.43	31.720
940.60	43.801
940.77	36.233
940.95	52.047
941.12	57.360
941.29	45.589
941.47	38.515
941.64	49.202
941.81	42.816
941.99	49.875
942.16	58.889
942.33	33.542
942.51	42.566
942.68	43.884
942.85	29.745
943.02	44.673
943.20	33.373
943.37	40.187
943.54	71.655
943.72	42.984
943.89	53.854
944.06	50.841
944.23	42.655
944.41	38.906
944.58	31.802
944.75	45.520
944.93	36.221
945.10	54.060
945.27	46.991
945.44	47.456
945.62	49.213
945.79	51.382
945.96	30.778
946.14	41.132
946.31	49.811
946.48	54.996
946.65	47.047
946.83	48.541
947.00	48.435
947.17	52.366
947.34	39.666
947.52	55.450
947.69	30.524
947.86	35.382
948.03	39.633
948.21	62.951
948.38	45.225
948.55	39.568
948.72	51.801
948.90	49.654
949.07	47.096
949.24	60.469
949.41	49.634
949.58	43.774
949.76	55.569
949.93	59.036
950.10	47.033
950.27	47.104
950.45	61.343
950.62	53.257
950.79	47.841
950.96	24.766
951.13	26.781
951.31	91.037
951.48	53.054
951.65	66.262
951.82	51.079
952.00	40.870
952.17	34.015
952.34	44.311
952.51	45.621
952.68	35.304
952.86	37.521
953.03	37.046
953.20	55.286
953.37	34.183
953.54	32.418
953.71	76.193
953.89	45.939
954.06	47.983
954.23	58.859
954.40	63.909
954.57	54.587
954.75	60.421
954.92	44.426
955.09	53.659
955.26	37.640
955.43	70.652
955.60	56.872
955.78	37.713
955.95	33.273
956.12	47.011
956.29	55.536
956.46	54.498
956.63	52.630
956.81	62.787
956.98	68.572
957.15	94.178
957.32	57.217
957.49	41.719
957.66	41.801
957.83	52.892
958.01	42.603
958.18	38.601
958.35	67.507
958.52	54.129
958.69	37.892
958.86	40.181
959.03	76.782
959.20	54.183
959.38	68.466
959.55	56.090
959.72	72.210
959.89	44.227
960.06	53.849
960.23	50.002
960.40	67.522
960.57	58.290
960.75	59.875
960.92	39.960
961.09	78.840
961.26	53.824
961.43	57.538
961.60	60.386
961.77	61.357
961.94	59.397
962.11	64.258
962.28	67.616
962.46	53.927
962.63	58.595
962.80	69.651
962.97	32.711
963.14	51.954
963.31	56.044
963.48	65.783
963.65	94.269
963.82	67.889
963.99	76.132
964.16	52.289
964.33	56.319
964.50	52.357
964.68	86.701
964.85	53.824
965.02	84.339
965.19	79.716
965.36	67.939
965.53	63.624
965.70	58.628
965.87	76.661
966.04	38.720
966.21	91.397
966.38	49.981
966.55	55.165
966.72	72.092
966.89	42.312
967.06	73.372
967.23	58.787
967.40	77.047
967.57	52.693
967.74	62.111
967.91	76.989
968.09	61.010
968.26	88.838
968.43	65.158
968.60	57.573
968.77	46.618
968.94	99.452
969.11	71.975
969.28	46.579
969.45	77.704
969.62	62.428
969.79	48.681
969.96	68.141
970.13	48.939
970.30	81.595
970.47	65.319
970.64	62.435
970.81	64.340
970.98	60.699
971.15	92.210
971.32	111.666
971.49	81.758
971.66	63.999
971.83	83.644
972.00	65.451
972.17	75.416
972.34	60.311
972.51	53.937
972.68	62.292
972.85	87.301
973.02	58.461
973.19	84.404
973.36	77.587
973.53	57.589
973.70	63.579
973.86	111.065
974.03	87.640
974.20	87.397
974.37	97.107
974.54	101.599
974.71	92.474
974.88	74.594
975.05	65.663
975.22	84.275
975.39	109.208
975.56	86.493
975.73	54.900
975.90	74.903
976.07	55.107
976.24	84.707
976.41	90.607
976.58	93.918
976.75	78.238
976.92	70.722
977.08	47.725
977.25	122.732
977.42	77.424
977.59	75.226
977.76	87.508
977.93	102.489
978.10	65.723
978.27	78.981
978.44	86.660
978.61	72.638
978.78	104.094
978.95	77.158
979.12	67.199
979.28	74.513
979.45	89.532
979.62	79.084
979.79	87.167
979.96	77.504
980.13	67.529
980.30	63.362
980.47	74.537
980.64	74.709
980.81	75.737
980.97	87.938
981.14	175.835
981.31	74.048
981.48	62.054
981.65	62.135
981.82	68.273
981.99	71.337
982.16	57.725
982.32	121.897
982.49	253.424
982.66	63.850
982.83	104.722
983.00	119.758
983.17	90.526
983.34	79.305
983.51	98.868
983.67	102.732
983.84	92.763
984.01	126.267
984.18	84.893
984.35	105.480
984.52	92.337
984.68	77.849
984.85	75.405
985.02	104.347
985.19	87.799
985.36	96.912
985.53	118.026
985.70	128.262
985.86	83.662
986.03	105.092
986.20	97.860
986.37	99.954
986.54	90.488
986.71	90.642
986.87	100.936
987.04	62.994
987.21	113.922
987.38	121.760
987.55	98.018
987.71	96.948
987.88	85.173
988.05	124.514
988.22	88.849
988.39	83.052
988.55	120.245
988.72	129.438
988.89	121.545
989.06	115.453
989.23	111.697
989.39	120.206
989.56	142.559
989.73	146.186
989.90	155.042
990.07	110.946
990.23	106.774
990.40	140.716
990.57	109.902
990.74	125.459
990.90	119.831
991.07	108.840
991.24	80.842
991.41	172.596
991.58	138.559
991.74	129.819
991.91	129.252
992.08	127.247
992.25	92.639
992.41	118.915
992.58	118.143
992.75	91.918
992.92	126.087
993.08	106.718
993.25	98.555
993.42	104.935
993.59	106.553
993.75	142.268
993.92	147.506
994.09	173.772
994.26	124.194
994.42	168.696
994.59	132.015
994.76	134.753
994.93	98.652
995.09	158.674
995.26	202.383
995.43	185.731
995.59	154.575
995.76	132.772
995.93	146.070
996.10	124.904
996.26	166.828
996.43	115.898
996.60	127.883
996.76	149.080
996.93	123.899
997.10	121.365
997.27	162.866
997.43	141.080
997.60	141.190
997.77	147.082
997.93	148.370
998.10	80.716
998.27	144.457
998.43	161.843
998.60	122.570
998.77	173.655
998.94	116.340
999.10	233.149
999.27	146.224
999.44	116.971
999.60	129.035
999.77	143.381
999.94	143.515
1000.10	127.147
1000.27	149.092
1000.44	113.780
1000.60	246.338
1000.77	175.059
1000.94	128.624
1001.10	188.037
1001.27	130.150
1001.44	120.427
1001.60	133.607
1001.77	143.708
1001.94	122.019
1002.10	142.552
1002.27	150.276
1002.44	124.824
1002.60	141.334
1002.77	140.761
1002.93	126.703
1003.10	178.800
1003.27	112.620
1003.43	142.017
1003.60	178.079
1003.77	208.899
1003.93	173.195
1004.10	205.980
1004.26	102.162
1004.43	126.417
1004.60	229.575
1004.76	108.307
1004.93	189.887
1005.10	166.996
1005.26	160.265
1005.43	145.444
1005.59	130.091
1005.76	174.868
1005.93	207.048
1006.09	231.844
1006.26	122.020
1006.42	178.894
1006.59	183.588
1006.76	141.176
1006.92	133.201
1007.09	193.977
1007.25	155.295
1007.42	162.570
1007.59	190.421
1007.75	146.051
1007.92	172.482
1008.08	192.762
1008.25	159.543
1008.41	149.495
1008.58	232.008
1008.75	240.120
1008.91	191.576
1009.08	131.953
1009.24	166.612
1009.41	196.643
1009.57	160.752
1009.74	150.393
1009.91	159.417
1010.07	174.835
1010.24	154.561
1010.40	164.079
1010.57	136.779
1010.73	132.808
1010.90	202.610
1011.06	135.905
1011.23	201.197
1011.39	199.560
1011.56	270.635
1011.73	171.594
1011.89	228.466
1012.06	214.410
1012.22	211.291
1012.39	171.577
1012.55	173.450
1012.72	241.739
1012.88	215.379
1013.05	203.562
1013.21	219.831
1013.38	212.465
1013.54	159.110
1013.71	223.301
1013.87	211.960
1014.04	166.144
1014.20	192.634
1014.37	295.839
1014.53	228.323
1014.70	234.738
1014.86	141.275
1015.03	192.864
1015.19	176.165
1015.36	244.580
1015.52	212.571
1015.69	178.189
1015.85	231.596
1016.02	215.225
1016.18	271.010
1016.35	156.575
1016.51	295.917
1016.68	227.087
1016.84	285.127
1017.01	290.997
1017.17	182.213
1017.34	312.079
1017.50	195.296
1017.67	206.097
1017.83	203.224
1018.00	195.295
1018.16	292.497
1018.32	228.658
1018.49	179.017
1018.65	201.417
1018.82	196.174
1018.98	297.105
1019.15	243.531
1019.31	235.719
1019.48	231.696
1019.64	495.667
1019.81	320.118
1019.97	246.560
1020.13	316.181
1020.30	218.690
1020.46	280.765
1020.63	270.525
1020.79	227.271
1020.96	199.911
1021.12	302.213
1021.28	231.258
1021.45	348.976
1021.61	329.760
1021.78	277.807
1021.94	254.758
1022.10	295.533
1022.27	245.242
1022.43	349.765
1022.60	202.913
1022.76	223.416
1022.93	507.725
1023.09	210.563
1023.25	303.675
1023.42	369.817
1023.58	417.518
1023.75	301.482
1023.91	327.672
1024.07	230.704
1024.24	255.208
1024.40	196.334
1024.56	791.421
1024.73	321.563
1024.89	489.361
1025.06	334.556
1025.22	281.747
1025.38	307.797
1025.55	296.867
1025.71	241.377
1025.87	265.142
1026.04	450.389
1026.20	320.417
1026.37	289.097
1026.53	330.769
1026.69	389.168
1026.86	317.104
1027.02	250.904
1027.18	293.992
1027.35	513.612
1027.51	267.316
1027.67	396.068
1027.84	493.728
1028.00	302.498
1028.16	383.001
1028.33	348.298
1028.49	314.474
1028.65	199.009
1028.82	365.269
1028.98	486.403
1029.14	534.224
1029.31	337.252
1029.47	248.213
1029.63	385.868
1029.80	451.688
1029.96	298.762
1030.12	451.855
1030.29	373.534
1030.45	320.758
1030.61	351.548
1030.78	281.044
1030.94	429.376
1031.10	406.143
1031.27	319.710
1031.43	329.560
1031.59	265.482
1031.75	343.314
1031.92	680.506
1032.08	249.947
1032.24	324.665
1032.41	242.833
1032.57	444.825
1032.73	461.910
1032.90	329.971
1033.06	313.659
1033.22	249.625
1033.38	416.364
1033.55	950.415
1033.71	389.301
1033.87	403.872
1034.03	326.757
1034.20	500.597
1034.36	384.502
1034.52	468.041
1034.69	352.513
1034.85	438.507
1035.01	413.286
1035.17	348.419
1035.34	244.131
1035.50	418.986
1035.66	352.322
1035.82	397.207
1035.99	455.482
1036.15	308.964
1036.31	561.461
1036.47	386.716
1036.64	520.558
1036.80	519.686
1036.96	465.493
1037.12	412.563
1037.28	552.698
1037.45	394.190
1037.61	410.630
1037.77	554.301
1037.93	564.738
1038.10	318.239
1038.26	454.130
1038.42	453.266
1038.58	609.264
1038.74	379.383
1038.91	421.302
1039.07	423.962
1039.23	690.260
1039.39	432.192
1039.55	423.370
1039.72	448.910
1039.88	392.100
1040.04	427.545
1040.20	676.781
1040.36	414.653
1040.53	568.103
1040.69	658.398
1040.85	642.770
1041.01	694.493
1041.17	441.411
1041.34	587.454
1041.50	825.623
1041.66	306.927
1041.82	504.334
1041.98	590.666
1042.14	777.358
1042.31	559.263
1042.47	808.408
1042.63	533.454
1042.79	574.660
1042.95	467.376
1043.11	545.268
1043.28	463.101
1043.44	507.697
1043.60	504.945
1043.76	823.590
1043.92	1157.166
