345.80	-22.051
346.01	-22.187
346.23	-22.323
346.44	-4.791
346.66	-15.951
346.87	36.526
347.09	225.822
347.30	112.552
347.52	-5.805
347.73	-14.953
347.95	-54.164
348.16	-5.229
348.38	-9.019
348.59	17.440
348.81	-10.100
349.02	-21.009
349.24	-18.032
349.45	-10.501
349.67	47.675
349.88	43.702
350.10	24.648
350.31	302.138
350.53	60.629
350.74	45.584
350.96	67.052
351.17	34.807
351.38	239.601
351.60	149.688
351.81	60.608
352.03	-226.206
352.24	52.162
352.46	74.206
352.67	67.679
352.89	47.414
353.10	70.400
353.32	31.775
353.53	1028.394
353.75	98.002
353.96	35.605
354.17	72.362
354.39	107.051
354.60	42.991
354.82	74.425
355.03	265.818
355.25	82.038
355.46	125.507
355.68	83.736
355.89	55.985
356.11	50.304
356.32	144.649
356.53	331.515
356.75	837.549
356.96	66.582
357.18	90.237
357.39	57.991
357.61	208.617
357.82	29.705
358.04	37.925
358.25	45.120
358.46	117.725
358.68	56.131
358.89	32.023
359.11	252.039
359.32	38.306
359.54	133.044
359.75	54.466
359.96	58.872
360.18	172.781
360.39	31.132
360.61	75.743
360.82	71.955
361.04	125.889
361.25	106.336
361.46	164.319
361.68	70.742
361.89	46.834
362.11	75.029
362.32	208.558
362.54	51.431
362.75	43.913
362.96	70.380
363.18	67.747
363.39	61.245
363.61	115.464
363.82	2301.274
364.03	113.864
364.25	52.875
364.46	35.868
364.68	91.766
364.89	165.977
365.10	66.585
365.32	44.327
365.53	113.346
365.75	103.669
365.96	127.800
366.17	78.451
366.39	68.168
366.60	95.412
366.82	103.296
367.03	101.459
367.24	73.404
367.46	60.813
367.67	72.263
367.89	117.579
368.10	317.539
368.31	88.808
368.53	121.463
368.74	85.660
368.96	77.208
369.17	99.335
369.38	53.871
369.60	135.981
369.81	302.041
370.03	71.305
370.24	76.375
370.45	103.426
370.67	66.629
370.88	117.314
371.09	356.847
371.31	96.396
371.52	68.747
371.74	120.272
371.95	66.725
372.16	52.331
372.38	53.210
372.59	60.139
372.81	96.295
373.02	75.681
373.23	124.374
373.45	106.459
373.66	60.535
373.87	67.447
374.09	71.326
374.30	130.981
374.51	47.943
374.73	54.141
374.94	53.887
375.16	57.512
375.37	106.159
375.58	81.694
375.80	115.157
376.01	48.778
376.22	114.912
376.44	97.639
376.65	58.709
376.86	71.166
377.08	58.494
377.29	57.306
377.50	89.294
377.72	163.372
377.93	219.981
378.15	85.596
378.36	72.180
378.57	79.671
378.79	82.879
379.00	75.178
379.21	64.496
379.43	75.640
379.64	57.259
379.85	103.055
380.07	63.320
380.28	57.853
380.49	53.898
380.71	55.429
380.92	56.161
381.13	78.090
381.35	70.141
381.56	66.221
381.77	85.887
381.99	48.903
382.20	71.864
382.41	48.468
382.63	78.029
382.84	66.337
383.05	53.833
383.27	56.371
383.48	49.035
383.69	42.951
383.91	41.433
384.12	45.723
384.33	48.047
384.55	66.325
384.76	57.618
384.97	56.246
385.18	62.005
385.40	125.192
385.61	79.326
385.82	65.350
386.04	69.268
386.25	81.276
386.46	73.362
386.68	54.859
386.89	57.858
387.10	66.802
387.32	58.400
387.53	46.742
387.74	62.974
387.95	49.337
388.17	54.095
388.38	59.979
388.59	61.948
388.81	81.917
389.02	56.975
389.23	71.944
389.45	67.821
389.66	59.469
389.87	69.569
390.08	58.629
390.30	118.454
390.51	71.812
390.72	84.914
390.94	82.161
391.15	80.742
391.36	87.666
391.57	74.475
391.79	87.816
392.00	75.813
392.21	63.656
392.43	72.160
392.64	75.485
392.85	60.421
393.06	53.322
393.28	55.574
393.49	48.120
393.70	48.104
393.92	49.789
394.13	37.847
394.34	46.744
394.55	70.927
394.77	61.590
394.98	55.694
395.19	87.898
395.40	62.614
395.62	68.706
395.83	95.615
396.04	62.887
396.26	76.502
396.47	63.243
396.68	69.283
396.89	50.438
397.11	64.264
397.32	57.562
397.53	49.798
397.74	54.757
397.96	54.666
398.17	57.526
398.38	58.231
398.59	70.877
398.81	92.405
399.02	81.689
399.23	88.467
399.44	98.676
399.66	84.812
399.87	98.294
400.08	102.794
400.29	112.709
400.51	92.796
400.72	81.104
400.93	93.617
401.14	112.467
401.36	101.309
401.57	130.373
401.78	97.702
401.99	86.487
402.21	89.692
402.42	94.032
402.63	104.434
402.84	116.287
403.05	81.160
403.27	89.001
403.48	83.318
403.69	95.147
403.90	77.091
404.12	119.324
404.33	88.734
404.54	91.682
404.75	96.871
404.96	89.680
405.18	94.399
405.39	94.068
405.60	90.794
405.81	82.735
406.03	84.095
406.24	82.329
406.45	82.232
406.66	85.395
406.87	87.322
407.09	87.014
407.30	88.075
407.51	86.996
407.72	91.105
407.93	86.956
408.15	95.967
408.36	83.530
408.57	73.694
408.78	87.473
409.00	78.250
409.21	95.716
409.42	83.411
409.63	92.263
409.84	81.919
410.06	85.777
410.27	72.286
410.48	83.012
410.69	100.204
410.90	83.252
411.12	80.975
411.33	93.072
411.54	88.364
411.75	75.766
411.96	80.139
412.17	79.820
412.39	84.214
412.60	82.246
412.81	84.117
413.02	88.295
413.23	83.682
413.45	74.659
413.66	92.647
413.87	76.928
414.08	89.834
414.29	91.464
414.50	83.596
414.72	87.958
414.93	80.465
415.14	92.960
415.35	75.517
415.56	95.689
415.77	88.316
415.99	107.072
416.20	88.814
416.41	78.098
416.62	92.691
416.83	74.895
417.04	92.627
417.26	76.012
417.47	89.450
417.68	77.857
417.89	79.225
418.10	81.657
418.31	74.691
418.53	75.589
418.74	84.916
418.95	76.203
419.16	87.241
419.37	81.109
419.58	92.386
419.80	89.159
420.01	92.663
420.22	76.405
420.43	83.105
420.64	86.632
420.85	81.044
421.06	85.695
421.28	83.005
421.49	83.459
421.70	77.560
421.91	82.032
422.12	84.602
422.33	79.144
422.54	69.174
422.76	85.306
422.97	81.519
423.18	73.083
423.39	75.998
423.60	75.327
423.81	76.459
424.02	79.847
424.23	78.654
424.45	77.010
424.66	79.457
424.87	72.854
425.08	80.666
425.29	72.972
425.50	82.613
425.71	78.024
425.92	71.055
426.14	72.371
426.35	74.104
426.56	66.857
426.77	73.614
426.98	85.729
427.19	70.614
427.40	70.223
427.61	74.914
427.82	68.377
428.04	69.783
428.25	76.576
428.46	72.409
428.67	66.462
428.88	68.814
429.09	64.726
429.30	68.649
429.51	69.156
429.72	58.007
429.94	57.517
430.15	58.801
430.36	60.719
430.57	58.701
430.78	58.125
430.99	56.609
431.20	54.916
431.41	58.132
431.62	58.054
431.83	64.417
432.05	69.657
432.26	70.251
432.47	67.079
432.68	74.105
432.89	72.745
433.10	68.475
433.31	66.379
433.52	67.526
433.73	71.569
433.94	72.444
434.15	64.509
434.36	72.918
434.58	65.306
434.79	63.881
435.00	66.168
435.21	71.138
435.42	70.262
435.63	71.482
435.84	70.953
436.05	75.472
436.26	77.160
436.47	73.217
436.68	79.863
436.89	72.569
437.10	72.049
437.31	75.645
437.52	71.873
437.74	70.701
437.95	69.049
438.16	72.476
438.37	67.146
438.58	63.822
438.79	60.424
439.00	67.097
439.21	73.393
439.42	66.604
439.63	64.063
439.84	71.438
440.05	71.137
440.26	66.258
440.47	66.894
440.68	71.422
440.89	71.391
441.10	69.297
441.31	68.351
441.52	71.775
441.74	73.595
441.95	67.613
442.16	72.280
442.37	73.245
442.58	77.306
442.79	75.891
443.00	72.729
443.21	75.042
443.42	68.590
443.63	74.528
443.84	74.441
444.05	71.164
444.26	75.179
444.47	70.634
444.68	73.796
444.89	74.450
445.10	70.495
445.31	72.957
445.52	72.033
445.73	67.973
445.94	69.307
446.15	69.887
446.36	68.503
446.57	66.715
446.78	65.222
446.99	72.400
447.20	65.083
447.41	70.691
447.62	70.723
447.83	72.783
448.04	67.640
448.25	70.432
448.46	71.127
448.67	69.971
448.88	72.136
449.09	73.117
449.30	68.750
449.51	74.125
449.72	72.219
449.93	71.403
450.14	69.981
450.35	73.648
450.56	74.138
450.77	71.014
450.98	74.553
451.19	70.196
451.40	73.204
451.61	76.996
451.82	70.680
452.03	77.963
452.24	72.242
452.45	69.416
452.66	70.183
452.87	72.616
453.08	67.920
453.29	66.193
453.50	65.396
453.71	69.007
453.92	65.538
454.13	65.082
454.34	67.196
454.55	67.650
454.76	65.998
454.97	65.957
455.18	67.083
455.39	65.495
455.60	66.238
455.81	66.457
456.02	64.588
456.23	70.236
456.44	66.941
456.65	69.311
456.86	69.250
457.07	67.411
457.28	68.148
457.49	72.602
457.70	66.648
457.90	66.854
458.11	66.701
458.32	67.589
458.53	66.248
458.74	66.849
458.95	66.942
459.16	69.441
459.37	67.493
459.58	65.567
459.79	68.977
460.00	65.505
460.21	65.733
460.42	65.524
460.63	66.034
460.84	63.902
461.05	63.895
461.26	62.973
461.47	65.189
461.68	65.074
461.88	66.018
462.09	66.419
462.30	65.681
462.51	66.352
462.72	66.879
462.93	65.352
463.14	65.313
463.35	65.703
463.56	66.336
463.77	64.653
463.98	63.531
464.19	64.410
464.40	63.596
464.61	65.084
464.81	63.837
465.02	61.682
465.23	61.836
465.44	62.431
465.65	61.116
465.86	60.574
466.07	61.447
466.28	62.078
466.49	60.686
466.70	60.223
466.91	62.428
467.12	60.157
467.32	59.717
467.53	60.638
467.74	59.913
467.95	58.936
468.16	59.350
468.37	59.954
468.58	58.623
468.79	60.691
469.00	58.444
469.21	59.265
469.42	61.315
469.62	58.276
469.83	59.509
470.04	58.710
470.25	55.963
470.46	56.729
470.67	58.937
470.88	57.448
471.09	56.741
471.30	57.995
471.50	56.201
471.71	58.440
471.92	60.614
472.13	60.046
472.34	58.393
472.55	58.336
472.76	58.942
472.97	58.548
473.17	58.227
473.38	58.288
473.59	57.604
473.80	58.933
474.01	57.914
474.22	60.296
474.43	58.766
474.64	58.254
474.84	58.259
475.05	55.203
475.26	59.012
475.47	57.078
475.68	58.215
475.89	54.935
476.10	56.643
476.31	56.133
476.51	55.793
476.72	55.182
476.93	56.516
477.14	54.966
477.35	55.239
477.56	57.655
477.77	56.453
477.97	55.326
478.18	57.068
478.39	57.137
478.60	56.626
478.81	55.623
479.02	54.996
479.22	55.391
479.43	55.705
479.64	55.484
479.85	55.152
480.06	55.044
480.27	55.881
480.48	55.451
480.68	56.832
480.89	56.063
481.10	54.831
481.31	55.021
481.52	55.232
481.73	55.327
481.93	56.257
482.14	55.533
482.35	54.833
482.56	55.084
482.77	55.095
482.98	54.835
483.18	54.285
483.39	54.184
483.60	52.024
483.81	52.739
484.02	53.205
484.22	53.351
484.43	53.809
484.64	51.927
484.85	53.450
485.06	51.636
485.27	51.567
485.47	49.926
485.68	48.856
485.89	48.005
486.10	46.148
486.31	45.286
486.51	45.141
486.72	45.416
486.93	44.603
487.14	44.769
487.35	45.839
487.55	47.188
487.76	47.099
487.97	47.662
488.18	48.182
488.39	48.563
488.59	47.311
488.80	48.050
489.01	48.297
489.22	48.621
489.43	47.945
489.63	48.772
489.84	49.643
490.05	50.656
490.26	50.376
490.46	50.649
490.67	49.700
490.88	51.313
491.09	49.656
491.30	49.188
491.50	48.195
491.71	48.766
491.92	48.356
492.13	47.297
492.33	47.763
492.54	47.942
492.75	47.404
492.96	47.182
493.17	47.544
493.37	48.626
493.58	46.616
493.79	48.663
494.00	47.817
494.20	48.429
494.41	48.167
494.62	47.981
494.83	47.583
495.03	48.239
495.24	47.677
495.45	49.035
495.66	48.351
495.86	47.256
496.07	48.287
496.28	47.862
496.49	48.516
496.70	47.970
496.90	46.971
497.11	47.975
497.32	48.056
497.52	47.136
497.73	46.730
497.94	46.879
498.15	45.265
498.35	45.133
498.56	45.507
498.77	45.786
498.98	45.599
499.18	46.512
499.39	45.516
499.60	46.233
499.81	44.901
500.01	45.611
500.22	44.842
500.43	44.425
500.64	44.216
500.84	44.732
501.05	43.738
501.26	43.179
501.46	43.737
501.67	41.946
501.88	42.048
502.09	42.321
502.29	42.745
502.50	42.421
502.71	43.147
502.91	42.756
503.12	43.390
503.33	43.856
503.54	43.337
503.74	43.198
503.95	42.101
504.16	42.276
504.36	42.547
504.57	42.555
504.78	42.320
504.99	43.153
505.19	42.879
505.40	42.553
505.61	42.910
505.81	43.347
506.02	43.134
506.23	43.442
506.44	43.378
506.64	43.433
506.85	43.543
507.06	43.133
507.26	42.444
507.47	41.305
507.68	42.027
507.88	41.922
508.09	41.359
508.30	41.186
508.50	40.948
508.71	41.741
508.92	41.448
509.12	41.570
509.33	42.356
509.54	42.620
509.74	42.745
509.95	41.526
510.16	42.413
510.37	41.177
510.57	41.869
510.78	41.457
510.99	41.722
511.19	40.945
511.40	41.393
511.61	41.466
511.81	41.438
512.02	41.893
512.23	41.212
512.43	40.969
512.64	41.010
512.85	40.308
513.05	40.302
513.26	40.658
513.47	39.920
513.67	39.607
513.88	38.831
514.08	39.057
514.29	38.844
514.50	38.808
514.70	39.520
514.91	39.167
515.12	39.459
515.32	38.580
515.53	39.160
515.74	39.185
515.94	38.791
516.15	39.137
516.36	37.642
516.56	36.997
516.77	35.902
516.97	35.288
517.18	34.347
517.39	34.284
517.59	34.585
517.80	34.909
518.01	34.487
518.21	34.652
518.42	34.929
518.63	34.827
518.83	35.174
519.04	35.323
519.24	35.970
519.45	35.889
519.66	35.640
519.86	36.579
520.07	36.985
520.28	37.157
520.48	37.048
520.69	36.479
520.89	37.064
521.10	37.202
521.31	37.149
521.51	37.548
521.72	37.698
521.92	37.512
522.13	37.840
522.34	37.921
522.54	36.827
522.75	36.679
522.95	35.982
523.16	36.372
523.37	36.703
523.57	36.582
523.78	36.344
523.98	37.256
524.19	37.817
524.40	37.736
524.60	37.389
524.81	37.459
525.01	37.841
525.22	37.238
525.43	37.427
525.63	37.370
525.84	37.038
526.04	36.488
526.25	36.335
526.46	35.592
526.66	34.205
526.87	34.305
527.07	34.360
527.28	33.617
527.48	33.884
527.69	34.366
527.90	34.617
528.10	34.085
528.31	35.037
528.51	35.864
528.72	35.792
528.92	36.560
529.13	36.373
529.34	36.368
529.54	36.789
529.75	36.385
529.95	36.068
530.16	35.611
530.36	36.315
530.57	36.413
530.78	36.483
530.98	36.418
531.19	36.706
531.39	36.491
531.60	36.725
531.80	36.144
532.01	35.949
532.21	35.473
532.42	35.122
532.62	34.302
532.83	33.883
533.04	34.123
533.24	33.730
533.45	34.203
533.65	34.291
533.86	34.301
534.06	34.384
534.27	34.290
534.47	34.290
534.68	34.083
534.88	34.055
535.09	34.627
535.30	35.038
535.50	34.806
535.71	35.371
535.91	35.011
536.12	35.296
536.32	35.122
536.53	35.163
536.73	34.255
536.94	33.813
537.14	33.780
537.35	33.458
537.55	33.509
537.76	33.599
537.96	33.902
538.17	33.623
538.37	33.718
538.58	33.760
538.78	33.472
538.99	33.828
539.19	33.605
539.40	33.290
539.60	32.918
539.81	32.592
540.01	32.711
540.22	32.144
540.42	31.506
540.63	31.984
540.83	31.791
541.04	31.116
541.24	31.832
541.45	31.938
541.65	31.454
541.86	32.374
542.06	32.319
542.27	32.242
542.47	32.204
542.68	32.219
542.88	32.248
543.09	32.210
543.29	31.986
543.50	32.056
543.70	31.960
543.91	31.724
544.11	32.158
544.32	32.256
544.52	31.965
544.73	32.717
544.93	31.472
545.14	31.846
545.34	31.755
545.55	32.096
545.75	31.764
545.96	31.902
546.16	31.131
546.36	31.278
546.57	31.801
546.77	31.594
546.98	31.204
547.18	31.456
547.39	31.023
547.59	30.831
547.80	30.963
548.00	30.953
548.21	30.491
548.41	30.915
548.61	30.655
548.82	30.966
549.02	30.643
549.23	30.918
549.43	31.107
549.64	31.279
549.84	31.314
550.05	31.241
550.25	30.933
550.46	30.907
550.66	30.611
550.86	30.887
551.07	30.805
551.27	30.397
551.48	30.458
551.68	30.249
551.89	30.157
552.09	30.471
552.29	30.571
552.50	30.401
552.70	30.201
552.91	30.387
553.11	29.680
553.32	29.850
553.52	29.935
553.72	30.138
553.93	30.221
554.13	30.167
554.34	30.278
554.54	30.202
554.75	29.968
554.95	30.334
555.15	29.706
555.36	30.388
555.56	30.559
555.77	30.158
555.97	29.630
556.17	29.533
556.38	28.888
556.58	29.521
556.79	28.953
556.99	28.774
557.19	28.999
557.40	29.318
557.60	28.490
557.81	29.049
558.01	28.775
558.21	28.636
558.42	27.772
558.62	28.151
558.83	27.850
559.03	27.678
559.23	27.569
559.44	27.664
559.64	27.276
559.85	27.345
560.05	27.575
560.25	27.885
560.46	27.661
560.66	27.939
560.86	28.018
561.07	27.661
561.27	28.235
561.48	27.946
561.68	27.621
561.88	27.465
562.09	27.320
562.29	27.414
562.49	27.667
562.70	27.666
562.90	27.231
563.11	27.875
563.31	27.908
563.51	27.290
563.72	27.392
563.92	27.349
564.12	27.337
564.33	27.128
564.53	27.184
564.73	26.929
564.94	27.126
565.14	26.951
565.35	26.987
565.55	26.511
565.75	26.361
565.96	26.273
566.16	25.826
566.36	26.081
566.57	26.479
566.77	26.354
566.97	26.446
567.18	26.448
567.38	26.253
567.58	26.630
567.79	26.465
567.99	26.534
568.19	27.125
568.40	25.852
568.60	25.256
568.80	25.903
569.01	25.732
569.21	25.584
569.41	25.842
569.62	25.488
569.82	25.861
570.02	25.214
570.23	25.068
570.43	25.090
570.63	25.009
570.84	25.140
571.04	25.069
571.24	25.417
571.45	24.597
571.65	24.717
571.85	25.061
572.05	24.895
572.26	25.392
572.46	25.257
572.66	25.384
572.87	25.393
573.07	25.511
573.27	25.099
573.48	25.317
573.68	25.367
573.88	25.154
574.09	25.511
574.29	25.084
574.49	24.980
574.69	24.905
574.90	24.897
575.10	25.139
575.30	24.518
575.51	24.733
575.71	24.853
575.91	24.428
576.11	24.391
576.32	24.532
576.52	24.269
576.72	24.201
576.93	24.430
577.13	24.367
577.33	24.340
577.53	24.407
577.74	24.166
577.94	24.365
578.14	23.917
578.35	23.484
578.55	23.666
578.75	24.047
578.95	23.928
579.16	23.769
579.36	23.586
579.56	23.855
579.76	24.038
579.97	24.038
580.17	23.752
580.37	24.224
580.57	24.096
580.78	23.870
580.98	23.443
581.18	24.025
581.38	24.088
581.59	24.122
581.79	23.965
581.99	24.028
582.19	23.764
582.40	24.101
582.60	23.414
582.80	23.912
583.00	23.706
583.21	23.870
583.41	24.034
583.61	23.875
583.81	23.954
584.02	23.868
584.22	24.011
584.42	23.652
584.62	23.828
584.83	23.648
585.03	23.584
585.23	23.240
585.43	23.195
585.63	23.119
585.84	23.170
586.04	22.749
586.24	22.650
586.44	22.686
586.65	22.629
586.85	22.951
587.05	22.699
587.25	22.498
587.45	23.141
587.66	22.674
587.86	22.604
588.06	22.521
588.26	21.947
588.47	21.529
588.67	21.302
588.87	20.986
589.07	20.420
589.27	19.475
589.48	19.699
589.68	19.575
589.88	19.463
590.08	19.656
590.28	20.125
590.49	20.606
590.69	20.734
590.89	20.486
591.09	21.239
591.29	20.946
591.50	20.938
591.70	20.557
591.90	20.828
592.10	20.591
592.30	20.656
592.50	21.138
592.71	21.032
592.91	21.273
593.11	20.688
593.31	20.697
593.51	21.154
593.72	20.794
593.92	20.619
594.12	20.495
594.32	20.491
594.52	20.008
594.72	20.157
594.93	20.252
595.13	20.153
595.33	20.259
595.53	20.461
595.73	20.264
595.93	20.415
596.14	20.628
596.34	20.285
596.54	20.639
596.74	20.679
596.94	20.544
597.14	20.432
597.35	20.324
597.55	20.278
597.75	20.120
597.95	20.503
598.15	20.501
598.35	20.012
598.55	19.923
598.76	20.141
598.96	20.364
599.16	20.162
599.36	20.343
599.56	20.144
599.76	19.966
599.96	20.525
600.17	20.175
600.37	19.975
600.57	20.168
600.77	20.018
600.97	20.362
601.17	20.150
601.37	19.897
601.57	19.711
601.78	19.584
601.98	19.696
602.18	19.702
602.38	19.411
602.58	19.614
602.78	19.509
602.98	19.902
603.18	19.773
603.39	19.781
603.59	20.052
603.79	19.924
603.99	20.267
604.19	19.750
604.39	20.006
604.59	19.607
604.79	20.060
604.99	19.779
605.19	19.713
605.40	19.829
605.60	19.533
605.80	19.861
606.00	19.639
606.20	19.174
606.40	19.408
606.60	19.619
606.80	19.403
607.00	19.490
607.20	19.628
607.41	19.510
607.61	19.619
607.81	19.358
608.01	19.353
608.21	19.387
608.41	18.949
608.61	19.001
608.81	19.152
609.01	18.860
609.21	18.828
609.41	18.898
609.61	18.978
609.81	18.883
610.02	18.885
610.22	18.591
610.42	18.703
610.62	18.486
610.82	18.394
611.02	18.467
611.22	18.729
611.42	18.819
611.62	18.605
611.82	18.389
612.02	18.384
612.22	18.372
612.42	18.351
612.62	18.256
612.82	18.459
613.02	18.384
613.23	18.238
613.43	17.703
613.63	17.891
613.83	17.667
614.03	17.911
614.23	17.636
614.43	17.517
614.63	17.886
614.83	18.021
615.03	17.856
615.23	18.217
615.43	17.520
615.63	17.648
615.83	17.411
616.03	17.299
616.23	17.397
616.43	17.393
616.63	17.056
616.83	17.247
617.03	17.158
617.23	17.034
617.43	17.165
617.63	17.439
617.83	17.599
618.03	17.525
618.23	17.459
618.43	17.277
618.63	17.655
618.83	17.378
619.03	17.496
619.23	17.495
619.43	17.684
619.63	17.290
619.83	17.344
620.03	17.404
620.23	17.502
620.43	17.313
620.63	17.310
620.83	17.624
621.03	17.308
621.23	17.075
621.43	17.408
621.63	16.952
621.83	16.904
622.03	16.986
622.23	16.557
622.43	16.833
622.63	16.764
622.83	16.832
623.03	16.454
623.23	16.737
623.43	16.683
623.63	16.487
623.83	16.431
624.03	16.187
624.23	16.282
624.43	16.456
624.63	16.247
624.83	16.383
625.03	16.044
625.23	16.353
625.43	16.072
625.63	16.055
625.83	16.085
626.03	15.961
626.23	16.099
626.43	16.187
626.63	16.139
626.83	16.123
627.03	16.080
627.23	16.047
627.43	15.822
627.63	15.754
627.83	15.480
628.03	15.350
628.23	15.527
628.43	15.190
628.62	15.514
628.82	15.342
629.02	15.661
629.22	15.352
629.42	15.627
629.62	15.319
629.82	15.127
630.02	15.343
630.22	15.227
630.42	15.172
630.62	15.128
630.82	14.895
631.02	15.120
631.22	15.186
631.42	15.138
631.62	15.100
631.81	15.096
632.01	15.229
632.21	15.043
632.41	15.188
632.61	15.451
632.81	15.106
633.01	15.294
633.21	14.939
633.41	15.055
633.61	15.080
633.81	15.025
634.01	15.017
634.21	14.990
634.40	15.138
634.60	15.273
634.80	15.223
635.00	15.195
635.20	15.280
635.40	15.106
635.60	15.195
635.80	15.036
636.00	15.099
636.20	15.015
636.39	14.766
636.59	14.669
636.79	14.973
636.99	15.256
637.19	15.035
637.39	15.021
637.59	15.151
637.79	15.158
637.99	15.050
638.18	15.099
638.38	14.880
638.58	14.907
638.78	14.934
638.98	14.876
639.18	15.008
639.38	14.876
639.58	14.697
639.78	14.761
639.97	14.527
640.17	14.420
640.37	14.110
640.57	14.591
640.77	14.522
640.97	14.314
641.17	14.336
641.36	14.441
641.56	14.376
641.76	14.424
641.96	14.382
642.16	14.360
642.36	14.302
642.56	14.353
642.75	14.463
642.95	14.029
643.15	14.475
643.35	14.325
643.55	14.387
643.75	14.256
643.95	14.113
644.14	14.131
644.34	14.073
644.54	14.160
644.74	14.459
644.94	14.266
645.14	13.912
645.33	14.344
645.53	14.118
645.73	13.808
645.93	13.849
646.13	13.604
646.33	13.607
646.52	13.473
646.72	13.550
646.92	13.549
647.12	13.144
647.32	13.131
647.52	13.215
647.71	12.942
647.91	13.218
648.11	13.088
648.31	13.023
648.51	13.061
648.70	13.224
648.90	13.012
649.10	12.704
649.30	12.755
649.50	12.671
649.69	13.070
649.89	12.965
650.09	12.856
650.29	13.001
650.49	13.124
650.68	13.213
650.88	13.232
651.08	13.070
651.28	12.993
651.48	12.894
651.67	13.027
651.87	12.847
652.07	12.811
652.27	12.929
652.47	12.919
652.66	12.819
652.86	12.828
653.06	13.080
653.26	13.120
653.46	13.072
653.65	13.006
653.85	12.931
654.05	13.005
654.25	12.995
654.44	12.690
654.64	12.684
654.84	12.484
655.04	12.456
655.24	12.619
655.43	12.373
655.63	12.114
655.83	11.390
656.03	11.331
656.22	10.898
656.42	11.126
656.62	10.995
656.82	10.883
657.01	10.986
657.21	11.066
657.41	11.585
657.61	11.860
657.80	11.942
658.00	11.934
658.20	12.240
658.40	12.371
658.59	12.387
658.79	12.486
658.99	12.348
659.19	12.396
659.38	12.374
659.58	12.589
659.78	12.571
659.98	12.742
660.17	12.235
660.37	12.336
660.57	12.399
660.76	12.631
660.96	12.390
661.16	12.547
661.36	12.450
661.55	12.706
661.75	12.601
661.95	12.329
662.15	12.499
662.34	12.582
662.54	12.587
662.74	12.416
662.93	12.539
663.13	12.632
663.33	12.551
663.53	12.262
663.72	12.151
663.92	12.280
664.12	12.483
664.31	12.287
664.51	12.265
664.71	12.471
664.90	12.263
665.10	12.063
665.30	12.294
665.50	12.086
665.69	12.360
665.89	12.261
666.09	12.197
666.28	11.958
666.48	11.962
666.68	11.906
666.87	12.176
667.07	12.031
667.27	11.985
667.46	11.830
667.66	11.974
667.86	11.912
668.05	11.860
668.25	11.830
668.45	11.914
668.65	11.685
668.84	11.887
669.04	11.825
669.24	12.036
669.43	11.803
669.63	11.764
669.83	11.619
670.02	11.664
670.22	11.690
670.42	11.929
670.61	11.801
670.81	11.612
671.00	11.657
671.20	11.574
671.40	11.638
671.59	11.285
671.79	11.313
671.99	11.515
672.18	11.338
672.38	11.290
672.58	11.367
672.77	11.578
672.97	11.373
673.17	11.555
673.36	11.514
673.56	11.351
673.76	11.408
673.95	11.253
674.15	11.459
674.34	11.150
674.54	11.262
674.74	11.198
674.93	11.296
675.13	11.102
675.33	11.241
675.52	11.335
675.72	11.413
675.91	11.104
676.11	11.040
676.31	11.245
676.50	11.217
676.70	10.806
676.90	11.192
677.09	11.215
677.29	11.240
677.48	10.911
677.68	11.042
677.88	11.099
678.07	10.866
678.27	10.977
678.46	10.929
678.66	10.873
678.86	10.941
679.05	10.766
679.25	11.039
679.44	11.291
679.64	11.046
679.84	10.631
680.03	10.751
680.23	10.717
680.42	10.763
680.62	10.774
680.82	10.839
681.01	10.722
681.21	10.620
681.40	10.553
681.60	10.825
681.80	10.645
681.99	10.865
682.19	10.622
682.38	10.483
682.58	10.541
682.77	10.553
682.97	10.467
683.17	10.508
683.36	10.533
683.56	10.651
683.75	10.486
683.95	10.262
684.14	10.440
684.34	10.242
684.53	10.104
684.73	10.190
684.93	10.043
685.12	10.071
685.32	10.416
685.51	10.159
685.71	10.024
685.90	10.068
686.10	9.910
686.29	9.802
686.49	9.356
686.69	9.238
686.88	8.469
687.08	8.218
687.27	8.274
687.47	7.823
687.66	7.861
687.86	8.225
688.05	8.466
688.25	8.464
688.44	8.369
688.64	8.563
688.83	8.396
689.03	8.811
689.23	8.736
689.42	8.638
689.62	8.623
689.81	8.528
690.01	8.631
690.20	8.842
690.40	8.904
690.59	8.947
690.79	8.628
690.98	8.877
691.18	8.978
691.37	9.261
691.57	8.947
691.76	8.719
691.96	9.154
692.15	8.829
692.35	8.879
692.54	8.995
692.74	8.800
692.93	8.953
693.13	8.854
693.32	8.711
693.52	8.755
693.71	8.712
693.91	8.853
694.10	8.502
694.30	8.709
694.49	8.601
694.69	8.535
694.88	8.610
695.08	8.884
695.27	8.951
695.47	8.650
695.66	8.524
695.86	8.824
696.05	8.695
696.25	8.807
696.44	8.801
696.63	8.933
696.83	8.704
697.02	9.275
697.22	9.048
697.41	9.129
697.61	8.960
697.80	9.088
698.00	8.940
698.19	9.015
698.39	9.093
698.58	8.775
698.78	8.755
698.97	8.761
699.17	8.656
699.36	8.649
699.55	8.678
699.75	8.552
699.94	8.227
700.14	8.827
700.33	8.495
700.53	8.536
700.72	8.545
700.92	8.511
701.11	8.432
701.30	8.309
701.50	8.370
701.69	8.299
701.89	8.188
702.08	8.334
702.28	8.528
702.47	8.438
702.66	8.442
702.86	8.610
703.05	8.441
703.25	8.451
703.44	8.433
703.64	8.584
703.83	8.441
704.02	8.648
704.22	8.513
704.41	8.459
704.61	8.450
704.80	8.459
704.99	8.632
705.19	8.374
705.38	8.448
705.58	8.436
705.77	8.477
705.96	8.256
706.16	8.362
706.35	8.481
706.55	8.592
706.74	8.381
706.93	8.438
707.13	8.668
707.32	8.413
707.52	8.407
707.71	8.686
707.90	8.577
708.10	8.538
708.29	8.213
708.49	8.510
708.68	8.439
708.87	8.559
709.07	8.519
709.26	8.580
709.46	8.560
709.65	8.437
709.84	8.440
710.04	8.406
710.23	8.243
710.42	8.286
710.62	8.362
710.81	8.373
711.00	8.626
711.20	8.303
711.39	8.495
711.59	8.220
711.78	8.262
711.97	8.245
712.17	8.170
712.36	8.240
712.55	8.127
712.75	8.109
712.94	8.233
713.13	8.254
713.33	8.252
713.52	8.183
713.71	8.265
713.91	8.287
714.10	8.195
714.29	8.300
714.49	7.926
714.68	8.087
714.87	7.989
715.07	8.235
715.26	7.910
715.45	7.930
715.65	7.710
715.84	7.895
716.03	7.455
716.23	7.518
716.42	7.205
716.61	7.185
716.81	7.006
717.00	6.690
717.19	6.706
717.39	6.475
717.58	6.222
717.77	6.375
717.97	6.230
718.16	6.340
718.35	6.079
718.55	5.905
718.74	5.702
718.93	5.855
719.13	5.725
719.32	5.560
719.51	5.623
719.70	5.904
719.90	5.793
720.09	5.724
720.28	5.712
720.48	5.662
720.67	5.974
720.86	6.273
721.05	6.471
721.25	6.481
721.44	6.732
721.63	6.822
721.83	7.050
722.02	6.962
722.21	6.842
722.40	6.759
722.60	7.047
722.79	6.749
722.98	6.748
723.18	6.508
723.37	6.363
723.56	6.266
723.75	6.298
723.95	6.086
724.14	5.957
724.33	6.033
724.52	6.238
724.72	5.980
724.91	6.271
725.10	6.356
725.29	6.180
725.49	6.275
725.68	6.119
725.87	5.995
726.07	6.173
726.26	5.798
726.45	6.195
726.64	6.113
726.84	5.977
727.03	6.122
727.22	6.104
727.41	6.096
727.60	6.113
727.80	6.197
727.99	6.099
728.18	6.154
728.37	6.363
728.57	5.979
728.76	6.089
728.95	6.028
729.14	5.839
729.34	6.152
729.53	6.095
729.72	5.987
729.91	6.186
730.10	6.282
730.30	6.059
730.49	6.034
730.68	6.165
730.87	5.981
731.07	6.000
731.26	6.053
731.45	5.964
731.64	6.215
731.83	6.271
732.03	6.323
732.22	6.366
732.41	6.400
732.60	6.694
732.79	6.634
732.99	6.706
733.18	6.914
733.37	6.886
733.56	6.717
733.75	6.947
733.95	6.880
734.14	6.718
734.33	6.933
734.52	6.689
734.71	6.849
734.90	6.719
735.10	6.791
735.29	6.886
735.48	6.700
735.67	6.681
735.86	6.702
736.06	7.032
736.25	6.880
736.44	6.826
736.63	6.667
736.82	7.046
737.01	6.789
737.21	6.796
737.40	7.006
737.59	6.903
737.78	6.636
737.97	6.711
738.16	6.751
738.36	6.892
738.55	6.750
738.74	7.010
738.93	6.730
739.12	6.567
739.31	6.742
739.50	6.966
739.70	6.565
739.89	6.690
740.08	6.576
740.27	6.626
740.46	6.723
740.65	6.955
740.84	6.882
741.04	6.815
741.23	6.695
741.42	6.691
741.61	6.635
741.80	6.957
741.99	6.712
742.18	6.758
742.37	6.700
742.57	6.563
742.76	6.760
742.95	6.876
743.14	6.789
743.33	6.878
743.52	6.730
743.71	6.728
743.90	6.842
744.10	6.562
744.29	6.730
744.48	7.025
744.67	6.808
744.86	6.679
745.05	6.955
745.24	6.579
745.43	6.807
745.62	6.845
745.81	6.798
746.01	6.706
746.20	6.813
746.39	6.520
746.58	6.635
746.77	6.622
746.96	6.693
747.15	6.497
747.34	6.699
747.53	6.689
747.72	6.936
747.91	6.519
748.11	6.649
748.30	7.101
748.49	6.742
748.68	6.614
748.87	6.773
749.06	6.796
749.25	6.485
749.44	6.394
749.63	6.477
749.82	6.392
750.01	6.570
750.20	6.592
750.39	6.392
750.58	6.415
750.78	6.688
750.97	6.214
751.16	6.303
751.35	6.394
751.54	6.302
751.73	6.207
751.92	6.474
752.11	6.328
752.30	6.395
752.49	6.432
752.68	6.400
752.87	6.373
753.06	6.365
753.25	6.076
753.44	6.339
753.63	6.403
753.82	6.332
754.01	6.496
754.20	6.427
754.39	6.723
754.58	6.262
754.77	6.232
754.96	6.266
755.15	6.376
755.34	6.521
755.53	6.307
755.73	6.239
755.92	6.358
756.11	6.310
756.30	6.323
756.49	6.101
756.68	6.138
756.87	5.968
757.06	6.329
757.25	6.108
757.44	6.015
757.63	6.223
757.82	6.113
758.01	6.190
758.20	6.345
758.39	5.928
758.58	6.050
758.77	5.914
758.96	5.999
759.15	5.389
759.34	4.723
759.53	4.491
759.72	4.134
759.91	3.417
760.10	2.936
760.29	3.018
760.47	2.842
760.66	2.498
760.85	2.392
761.04	2.347
761.23	2.870
761.42	2.772
761.61	3.223
761.80	3.573
761.99	3.144
762.18	3.297
762.37	3.429
762.56	3.367
762.75	3.215
762.94	3.120
763.13	3.055
763.32	3.206
763.51	3.393
763.70	3.448
763.89	3.313
764.08	3.176
764.27	3.511
764.46	3.541
764.65	3.590
764.84	3.681
765.03	3.723
765.22	4.040
765.40	4.094
765.59	4.163
765.78	4.228
765.97	4.388
766.16	4.554
766.35	4.448
766.54	4.742
766.73	4.614
766.92	4.664
767.11	4.704
767.30	5.081
767.49	5.112
767.68	5.077
767.87	5.023
768.05	5.339
768.24	5.145
768.43	5.168
768.62	5.176
768.81	5.492
769.00	5.408
769.19	5.392
769.38	5.391
769.57	5.475
769.76	5.392
769.95	5.199
770.14	5.421
770.32	5.479
770.51	5.162
770.70	5.419
770.89	5.478
771.08	5.347
771.27	5.336
771.46	5.402
771.65	5.565
771.84	5.265
772.02	5.370
772.21	5.406
772.40	5.339
772.59	5.535
772.78	5.360
772.97	5.521
773.16	5.298
773.35	5.457
773.54	5.301
773.72	5.239
773.91	5.316
774.10	5.274
774.29	5.376
774.48	5.444
774.67	5.064
774.86	5.096
775.04	5.278
775.23	5.282
775.42	5.442
775.61	5.178
775.80	5.088
775.99	5.195
776.18	5.465
776.36	5.367
776.55	5.167
776.74	5.314
776.93	5.260
777.12	5.271
777.31	5.324
777.50	5.131
777.68	5.066
777.87	5.180
778.06	5.197
778.25	5.056
778.44	5.076
778.63	4.842
778.81	5.003
779.00	5.103
779.19	5.172
779.38	5.140
779.57	4.791
779.76	4.919
779.94	4.724
780.13	4.880
780.32	4.969
780.51	4.763
780.70	5.204
780.88	5.052
781.07	4.987
781.26	5.037
781.45	4.880
781.64	5.120
781.82	4.823
782.01	5.024
782.20	4.884
782.39	4.888
782.58	5.114
782.77	5.016
782.95	4.888
783.14	5.075
783.33	4.875
783.52	4.820
783.70	4.979
783.89	4.904
784.08	4.747
784.27	4.813
784.46	4.855
784.64	5.020
784.83	5.026
785.02	5.043
785.21	4.749
785.40	4.852
785.58	4.695
785.77	4.764
785.96	4.819
786.15	4.545
786.33	4.544
786.52	4.822
786.71	4.790
786.90	4.692
787.08	4.487
787.27	4.454
787.46	4.523
787.65	4.867
787.83	4.614
788.02	4.641
788.21	4.668
788.40	4.663
788.58	4.568
788.77	4.482
788.96	4.498
789.15	4.572
789.33	4.302
789.52	4.375
789.71	4.354
789.90	4.380
790.08	4.504
790.27	4.240
790.46	4.378
790.65	4.400
790.83	4.174
791.02	4.346
791.21	4.198
791.40	4.379
791.58	4.478
791.77	4.343
791.96	4.335
792.14	4.487
792.33	4.398
792.52	4.325
792.71	4.123
792.89	4.388
793.08	4.266
793.27	4.148
793.45	4.017
793.64	4.269
793.83	4.281
794.02	4.518
794.20	4.145
794.39	4.092
794.58	4.215
794.76	4.100
794.95	4.249
795.14	4.223
795.32	4.364
795.51	4.225
795.70	4.211
795.89	4.200
796.07	4.195
796.26	4.317
796.45	4.132
796.63	4.326
796.82	4.103
797.01	4.230
797.19	4.295
797.38	4.267
797.57	4.243
797.75	3.992
797.94	4.124
798.13	4.187
798.31	4.132
798.50	3.982
798.69	4.000
798.87	4.020
799.06	4.213
799.25	4.069
799.43	4.163
799.62	3.910
799.81	4.276
799.99	3.969
800.18	3.831
800.37	3.964
800.55	3.910
800.74	4.210
800.93	4.042
801.11	4.026
801.30	3.954
801.48	3.612
801.67	3.866
801.86	3.978
802.04	3.945
802.23	3.786
802.42	3.577
802.60	3.717
802.79	3.662
802.98	3.883
803.16	4.034
803.35	3.814
803.53	3.805
803.72	3.902
803.91	3.896
804.09	3.797
804.28	3.814
804.47	3.707
804.65	3.704
804.84	3.963
805.02	3.891
805.21	3.856
805.40	3.931
805.58	3.714
805.77	3.910
805.95	3.618
806.14	3.969
806.33	3.934
806.51	3.695
806.70	3.780
806.88	3.739
807.07	4.040
807.26	3.857
807.44	3.618
807.63	3.800
807.81	3.866
808.00	3.900
808.19	3.977
808.37	3.664
808.56	3.765
808.74	3.821
808.93	3.796
809.11	3.705
809.30	3.801
809.49	3.726
809.67	3.570
809.86	3.639
810.04	3.634
810.23	3.585
810.41	3.490
810.60	3.407
810.79	3.749
810.97	3.597
811.16	3.659
811.34	3.565
811.53	3.380
811.71	3.640
811.90	3.395
812.08	3.530
812.27	3.525
812.46	3.264
812.64	3.270
812.83	3.352
813.01	3.225
813.20	3.328
813.38	3.197
813.57	3.227
813.75	3.119
813.94	3.105
814.12	3.110
814.31	3.085
814.49	2.990
814.68	2.963
814.86	2.785
815.05	2.807
815.24	3.104
815.42	2.926
815.61	2.927
815.79	2.999
815.98	3.021
816.16	2.748
816.35	2.770
816.53	2.889
816.72	2.820
816.90	2.714
817.09	2.805
817.27	2.783
817.46	2.906
817.64	3.099
817.83	3.068
818.01	2.864
818.20	2.911
818.38	2.905
818.57	2.924
818.75	2.935
818.94	3.018
819.12	3.109
819.31	2.968
819.49	2.904
819.68	2.858
819.86	3.134
820.05	3.051
820.23	3.024
820.42	3.177
820.60	2.962
820.78	3.126
820.97	3.032
821.15	3.032
821.34	3.108
821.52	3.236
821.71	3.024
821.89	2.955
822.08	2.956
822.26	2.721
822.45	2.835
822.63	2.907
822.82	2.761
823.00	2.471
823.18	2.524
823.37	2.722
823.55	2.701
823.74	2.931
823.92	2.998
824.11	3.050
824.29	2.928
824.48	3.084
824.66	2.981
824.84	3.196
825.03	3.121
825.21	3.165
825.40	3.187
825.58	3.223
825.77	2.902
825.95	3.013
826.14	2.786
826.32	3.295
826.50	3.247
826.69	3.357
826.87	3.112
827.06	2.951
827.24	3.031
827.42	2.713
827.61	3.067
827.79	2.886
827.98	2.805
828.16	2.886
828.35	3.060
828.53	2.839
828.71	2.929
828.90	2.951
829.08	2.938
829.27	2.890
829.45	3.007
829.63	2.894
829.82	2.804
830.00	3.073
830.18	3.058
830.37	3.070
830.55	2.890
830.74	2.971
830.92	3.012
831.10	2.943
831.29	2.962
831.47	2.912
831.66	2.959
831.84	3.030
832.02	2.884
832.21	3.240
832.39	2.921
832.57	3.112
832.76	2.884
832.94	2.755
833.13	3.011
833.31	2.878
833.49	2.959
833.68	3.118
833.86	2.907
834.04	3.158
834.23	3.117
834.41	2.955
834.59	3.240
834.78	3.257
834.96	3.009
835.14	3.129
835.33	3.364
835.51	3.021
835.69	3.208
835.88	2.953
836.06	3.084
836.24	3.077
836.43	2.951
836.61	3.120
836.79	3.204
836.98	2.892
837.16	3.147
837.34	3.100
837.53	3.199
837.71	2.982
837.89	2.964
838.08	3.159
838.26	3.025
838.44	3.336
838.63	2.984
838.81	3.037
838.99	3.019
839.18	3.180
839.36	3.382
839.54	3.086
839.73	3.100
839.91	3.201
840.09	2.922
840.28	3.050
840.46	3.129
840.64	3.150
840.82	2.969
841.01	2.868
841.19	3.074
841.37	2.920
841.56	3.177
841.74	3.096
841.92	3.026
842.10	3.137
842.29	3.394
842.47	3.439
842.65	3.048
842.84	3.266
843.02	3.081
843.20	3.150
843.38	2.927
843.57	3.012
843.75	2.961
843.93	3.144
844.11	3.001
844.30	3.151
844.48	2.998
844.66	3.083
844.84	3.055
845.03	3.145
845.21	3.082
845.39	3.226
845.58	3.098
845.76	2.954
845.94	3.225
846.12	3.087
846.31	3.118
846.49	2.972
846.67	3.344
846.85	3.212
847.03	3.408
847.22	2.890
847.40	2.968
847.58	2.925
847.76	3.328
847.95	3.180
848.13	2.973
848.31	2.922
848.49	3.256
848.68	2.955
848.86	3.044
849.04	3.148
849.22	2.930
849.40	3.095
849.59	3.016
849.77	3.064
849.95	2.741
850.13	2.989
850.32	3.304
850.50	3.088
850.68	2.939
850.86	3.088
851.04	2.810
851.23	2.829
851.41	3.037
851.59	3.007
851.77	2.907
851.95	3.215
852.14	2.859
852.32	2.914
852.50	3.020
852.68	3.109
852.86	3.190
853.04	2.973
853.23	3.015
853.41	2.781
853.59	2.626
853.77	2.911
853.95	2.828
854.14	2.729
854.32	2.804
854.50	2.917
854.68	2.835
854.86	2.898
855.04	3.234
855.23	2.579
855.41	2.740
855.59	2.387
855.77	2.699
855.95	2.843
856.13	2.841
856.31	2.887
856.50	2.665
856.68	2.808
856.86	2.819
857.04	2.716
857.22	3.238
857.40	2.803
857.59	3.077
857.77	3.217
857.95	2.918
858.13	2.776
858.31	3.024
858.49	2.913
858.67	3.148
858.85	2.919
859.04	2.889
859.22	2.981
859.40	2.816
859.58	2.810
859.76	2.916
859.94	2.835
860.12	2.983
860.30	2.606
860.49	3.262
860.67	2.985
860.85	3.250
861.03	2.816
861.21	2.922
861.39	3.055
861.57	2.907
861.75	3.167
861.93	3.108
862.12	2.980
862.30	3.085
862.48	2.826
862.66	2.905
862.84	3.034
863.02	3.136
863.20	2.790
863.38	2.888
863.56	2.743
863.74	3.036
863.92	2.852
864.11	2.680
864.29	3.056
864.47	3.093
864.65	2.849
864.83	2.746
865.01	2.673
865.19	3.091
865.37	2.668
865.55	2.698
865.73	2.684
865.91	2.691
866.09	2.735
866.27	2.671
866.45	2.811
866.64	2.648
866.82	2.843
867.00	2.759
867.18	2.677
867.36	2.988
867.54	2.906
867.72	2.898
867.90	3.125
868.08	2.736
868.26	2.687
868.44	3.008
868.62	2.689
868.80	2.975
868.98	2.612
869.16	2.632
869.34	2.910
869.52	2.969
869.70	2.821
869.88	3.242
870.06	2.826
870.24	2.873
870.42	2.999
870.60	2.797
870.78	2.758
870.96	2.823
871.14	2.797
871.32	2.598
871.50	2.742
871.68	2.746
871.86	2.860
872.04	2.766
872.22	2.806
872.40	2.832
872.58	2.743
872.76	2.876
872.94	2.430
873.12	2.948
873.30	2.857
873.48	2.713
873.66	3.016
873.84	2.604
874.02	2.645
874.20	2.662
874.38	2.889
874.56	2.612
874.74	2.710
874.92	2.867
875.10	2.753
875.28	2.690
875.46	2.602
875.64	3.033
875.82	2.978
876.00	2.726
876.18	2.784
876.36	2.525
876.54	2.961
876.72	2.782
876.90	2.800
877.08	2.688
877.26	2.812
877.44	2.561
877.62	2.741
877.80	2.827
877.98	2.849
878.16	2.887
878.34	2.547
878.52	3.064
878.70	2.583
878.88	2.670
879.05	2.431
879.23	2.760
879.41	2.720
879.59	2.808
879.77	2.756
879.95	2.750
880.13	2.708
880.31	2.866
880.49	2.676
880.67	2.359
880.85	2.495
881.03	2.668
881.21	2.826
881.39	2.469
881.56	2.540
881.74	2.851
881.92	2.515
882.10	2.968
882.28	2.656
882.46	2.505
882.64	2.657
882.82	2.389
883.00	2.590
883.18	2.528
883.36	2.477
883.53	2.527
883.71	2.331
883.89	2.455
884.07	2.651
884.25	2.373
884.43	2.617
884.61	2.747
884.79	2.430
884.97	2.384
885.14	2.948
885.32	2.353
885.50	2.398
885.68	2.417
885.86	2.627
886.04	2.729
886.22	2.524
886.40	2.586
886.57	2.355
886.75	2.334
886.93	2.544
887.11	2.528
887.29	2.570
887.47	2.391
887.65	2.329
887.82	2.584
888.00	2.475
888.18	2.435
888.36	2.488
888.54	2.480
888.72	2.407
888.90	2.402
889.07	2.413
889.25	2.349
889.43	2.463
889.61	2.437
889.79	2.381
889.97	2.404
890.14	2.382
890.32	2.421
890.50	2.506
890.68	2.440
890.86	2.359
891.04	2.285
891.21	2.351
891.39	2.278
891.57	2.323
891.75	2.451
891.93	2.473
892.10	2.212
892.28	2.243
892.46	2.253
892.64	2.461
892.82	2.346
893.00	2.216
893.17	2.278
893.35	2.330
893.53	2.337
893.71	2.308
893.89	2.237
894.06	2.284
894.24	2.225
894.42	1.996
894.60	1.887
894.78	2.103
894.95	1.895
895.13	2.073
895.31	1.854
895.49	2.191
895.66	2.229
895.84	1.971
896.02	1.944
896.20	1.901
896.38	2.014
896.55	1.934
896.73	2.044
896.91	1.923
897.09	1.945
897.26	1.883
897.44	1.873
897.62	1.903
897.80	1.842
897.97	1.741
898.15	1.961
898.33	1.817
898.51	1.741
898.68	1.899
898.86	2.081
899.04	1.831
899.22	1.893
899.39	1.800
899.57	1.998
899.75	2.212
899.93	1.711
900.10	1.974
900.28	1.727
900.46	1.614
900.64	1.875
900.81	1.900
900.99	1.658
901.17	1.907
901.34	1.872
901.52	1.887
901.70	1.947
901.88	1.968
902.05	2.014
902.23	2.089
902.41	1.838
902.58	1.759
902.76	1.987
902.94	2.049
903.12	2.136
903.29	1.990
903.47	1.994
903.65	1.927
903.82	2.090
904.00	1.988
904.18	2.267
904.36	2.089
904.53	2.108
904.71	1.846
904.89	2.292
905.06	2.083
905.24	2.092
905.42	2.044
905.59	1.914
905.77	1.926
905.95	1.961
906.12	1.962
906.30	1.986
906.48	2.113
906.65	2.013
906.83	2.160
907.01	2.060
907.18	1.922
907.36	2.158
907.54	1.882
907.71	1.904
907.89	1.893
908.07	1.998
908.24	1.931
908.42	2.045
908.60	1.797
908.77	1.767
908.95	2.044
909.13	1.766
909.30	1.924
909.48	1.721
909.66	1.831
909.83	2.031
910.01	1.984
910.18	1.866
910.36	1.976
910.54	2.063
910.71	1.996
910.89	1.527
911.07	1.942
911.24	2.013
911.42	1.687
911.59	1.959
911.77	2.098
911.95	1.663
912.12	2.073
912.30	1.856
912.48	1.815
912.65	2.017
912.83	1.812
913.00	2.105
913.18	2.018
913.36	1.815
913.53	1.693
913.71	1.905
913.88	1.985
914.06	1.993
914.24	1.595
914.41	1.828
914.59	1.871
914.76	1.819
914.94	1.689
915.12	1.971
915.29	1.906
915.47	1.939
915.64	1.815
915.82	1.908
915.99	2.056
916.17	1.749
916.35	2.086
916.52	1.997
916.70	1.949
916.87	1.960
917.05	1.926
917.22	2.017
917.40	2.257
917.58	1.876
917.75	1.860
917.93	2.017
918.10	1.899
918.28	1.991
918.45	2.023
918.63	2.083
918.80	2.032
918.98	2.032
919.16	1.987
919.33	2.432
919.51	2.305
919.68	2.132
919.86	2.084
920.03	1.958
920.21	2.102
920.38	2.017
920.56	2.075
920.73	2.207
920.91	1.984
921.08	2.007
921.26	2.509
921.44	2.073
921.61	1.946
921.79	2.169
921.96	1.898
922.14	2.122
922.31	2.275
922.49	2.050
922.66	2.033
922.84	2.017
923.01	2.166
923.19	2.175
923.36	2.096
923.54	1.966
923.71	2.109
923.89	2.194
924.06	1.958
924.24	2.244
924.41	2.025
924.59	2.176
924.76	1.816
924.94	2.311
925.11	1.969
925.29	2.084
925.46	1.910
925.64	2.022
925.81	2.052
925.98	2.354
926.16	2.156
926.33	2.360
926.51	2.050
926.68	2.452
926.86	2.144
927.03	2.263
927.21	2.427
927.38	1.821
927.56	2.101
927.73	2.286
927.91	1.893
928.08	2.030
928.26	2.200
928.43	1.976
928.60	2.057
928.78	2.187
928.95	1.927
929.13	2.305
929.30	1.915
929.48	2.104
929.65	1.879
929.83	2.013
930.00	1.840
930.17	1.998
930.35	2.032
930.52	1.612
930.70	2.056
930.87	1.821
931.05	1.864
931.22	2.009
931.39	1.786
931.57	1.789
931.74	1.911
931.92	1.892
932.09	1.880
932.26	1.653
932.44	1.806
932.61	2.004
932.79	2.118
932.96	2.194
933.13	1.713
933.31	1.710
933.48	2.018
933.66	2.221
933.83	2.138
934.00	1.749
934.18	2.189
934.35	1.911
934.53	2.196
934.70	1.815
934.87	1.777
935.05	1.894
935.22	1.945
935.40	1.941
935.57	1.852
935.74	1.974
935.92	1.588
936.09	1.975
936.26	2.048
936.44	1.796
936.61	2.007
936.79	2.207
936.96	1.878
937.13	1.827
937.31	2.236
937.48	2.017
937.65	2.066
937.83	1.948
938.00	2.308
938.17	2.208
938.35	1.984
938.52	2.433
938.69	2.045
938.87	1.870
939.04	2.137
939.21	2.007
939.39	2.176
939.56	2.100
939.73	2.342
939.91	1.877
940.08	2.069
940.25	2.223
940.43	2.033
940.60	2.337
940.77	2.089
940.95	2.315
941.12	2.671
941.29	2.113
941.47	2.148
941.64	2.286
941.81	2.124
941.99	2.087
942.16	2.312
942.33	1.941
942.51	2.476
942.68	2.131
942.85	2.225
943.02	2.469
943.20	2.287
943.37	2.271
943.54	2.394
943.72	2.222
943.89	2.303
944.06	2.394
944.23	2.187
944.41	2.447
944.58	2.247
944.75	2.657
944.93	2.483
945.10	2.433
945.27	2.469
945.44	2.439
945.62	2.456
945.79	2.466
945.96	2.463
946.14	2.463
946.31	2.558
946.48	2.456
946.65	2.343
946.83	2.170
947.00	2.368
947.17	2.847
947.34	2.254
947.52	2.069
947.69	2.377
947.86	2.381
948.03	2.656
948.21	2.731
948.38	2.258
948.55	2.725
948.72	2.454
948.90	2.431
949.07	2.645
949.24	2.639
949.41	2.751
949.58	2.572
949.76	2.708
949.93	2.614
950.10	2.452
950.27	2.497
950.45	2.405
950.62	2.773
950.79	2.494
950.96	2.565
951.13	2.572
951.31	2.718
951.48	2.471
951.65	2.854
951.82	2.783
952.00	2.427
952.17	2.540
952.34	2.368
952.51	2.422
952.68	2.616
952.86	2.525
953.03	2.529
953.20	2.490
953.37	2.779
953.54	2.326
953.71	2.785
953.89	2.674
954.06	2.493
954.23	2.408
954.40	2.457
954.57	3.015
954.75	2.869
954.92	2.650
955.09	2.236
955.26	2.736
955.43	2.701
955.60	2.253
955.78	2.274
955.95	2.133
956.12	2.732
956.29	2.718
956.46	2.501
956.63	2.695
956.81	3.160
956.98	2.357
957.15	2.771
957.32	2.790
957.49	2.771
957.66	3.211
957.83	2.868
958.01	2.440
958.18	2.637
958.35	2.701
958.52	2.282
958.69	2.374
958.86	2.793
959.03	2.823
959.20	2.501
959.38	3.009
959.55	2.726
959.72	2.852
959.89	3.134
960.06	3.018
960.23	3.092
960.40	3.157
960.57	2.662
960.75	3.347
960.92	2.765
961.09	2.799
961.26	2.839
961.43	3.048
961.60	3.437
961.77	2.820
961.94	3.081
962.11	2.558
962.28	3.062
962.46	2.616
962.63	2.944
962.80	2.734
962.97	2.992
963.14	2.758
963.31	3.173
963.48	3.143
963.65	3.055
963.82	3.177
963.99	2.934
964.16	3.197
964.33	3.335
964.50	2.955
964.68	2.887
964.85	2.613
965.02	3.138
965.19	3.082
965.36	3.486
965.53	3.000
965.70	3.005
965.87	3.601
966.04	3.052
966.21	3.092
966.38	3.378
966.55	3.251
966.72	2.836
966.89	3.243
967.06	3.238
967.23	2.737
967.40	3.518
967.57	3.158
967.74	2.972
967.91	3.525
968.09	3.052
968.26	3.513
968.43	3.027
968.60	3.398
968.77	3.673
968.94	3.365
969.11	3.411
969.28	3.222
969.45	3.649
969.62	3.418
969.79	3.865
969.96	3.743
970.13	3.668
970.30	3.604
970.47	3.502
970.64	3.799
970.81	3.512
970.98	3.248
971.15	3.532
971.32	3.819
971.49	3.526
971.66	4.025
971.83	3.866
972.00	3.594
972.17	3.142
972.34	3.659
972.51	3.175
972.68	3.022
972.85	3.879
973.02	4.139
973.19	3.458
973.36	3.480
973.53	3.696
973.70	3.900
973.86	3.641
974.03	3.306
974.20	3.158
974.37	4.054
974.54	4.335
974.71	3.770
974.88	3.765
975.05	3.249
975.22	4.270
975.39	3.850
975.56	4.213
975.73	3.442
975.90	3.478
976.07	3.896
976.24	4.163
976.41	4.401
976.58	2.764
976.75	3.352
976.92	3.419
977.08	4.017
977.25	3.810
977.42	4.326
977.59	3.931
977.76	3.991
977.93	4.365
978.10	3.408
978.27	4.028
978.44	3.868
978.61	4.311
978.78	4.420
978.95	4.730
979.12	3.704
979.28	3.757
979.45	4.318
979.62	3.497
979.79	4.272
979.96	4.279
980.13	4.180
980.30	4.307
980.47	4.111
980.64	4.226
980.81	4.208
980.97	4.635
981.14	4.054
981.31	4.321
981.48	3.819
981.65	3.633
981.82	4.169
981.99	3.853
982.16	4.570
982.32	4.577
982.49	4.697
982.66	5.037
982.83	4.183
983.00	4.245
983.17	4.862
983.34	4.589
983.51	4.054
983.67	3.906
983.84	5.176
984.01	4.638
984.18	4.096
984.35	4.714
984.52	4.933
984.68	4.355
984.85	4.098
985.02	4.671
985.19	4.372
985.36	4.414
985.53	4.709
985.70	4.721
985.86	4.556
986.03	4.643
986.20	5.382
986.37	5.313
986.54	4.921
986.71	4.523
986.87	4.184
987.04	4.714
987.21	4.563
987.38	4.534
987.55	3.784
987.71	5.214
987.88	4.474
988.05	4.673
988.22	4.371
988.39	6.084
988.55	5.441
988.72	5.272
988.89	5.701
989.06	5.266
989.23	5.280
989.39	5.369
989.56	5.029
989.73	5.490
989.90	5.587
990.07	4.671
990.23	6.037
990.40	5.432
990.57	5.506
990.74	4.985
990.90	4.492
991.07	5.540
991.24	5.424
991.41	5.646
991.58	4.904
991.74	5.359
991.91	4.783
992.08	5.848
992.25	4.544
992.41	5.658
992.58	5.937
992.75	6.145
992.92	6.041
993.08	5.416
993.25	4.983
993.42	5.201
993.59	4.884
993.75	4.762
993.92	5.724
994.09	5.633
994.26	5.332
994.42	4.905
994.59	5.147
994.76	6.215
994.93	5.337
995.09	5.635
995.26	5.872
995.43	5.308
995.59	5.553
995.76	6.181
995.93	6.070
996.10	6.285
996.26	6.592
996.43	5.696
996.60	6.763
996.76	5.394
996.93	6.211
997.10	5.176
997.27	6.433
997.43	5.707
997.60	5.574
997.77	6.529
997.93	6.765
998.10	5.199
998.27	5.963
998.43	5.408
998.60	5.291
998.77	6.708
998.94	5.688
999.10	6.679
999.27	6.744
999.44	6.473
999.60	5.989
999.77	6.340
999.94	6.840
1000.10	7.864
1000.27	6.005
1000.44	5.702
1000.60	6.642
1000.77	6.886
1000.94	7.118
1001.10	7.033
1001.27	6.340
1001.44	7.189
1001.60	5.541
1001.77	6.369
1001.94	6.491
1002.10	6.331
1002.27	6.702
1002.44	5.881
1002.60	7.066
1002.77	6.897
1002.93	7.833
1003.10	6.929
1003.27	7.337
1003.43	6.823
1003.60	5.912
1003.77	6.250
1003.93	7.159
1004.10	7.397
1004.26	6.521
1004.43	6.571
1004.60	6.259
1004.76	7.282
1004.93	7.179
1005.10	6.565
1005.26	8.211
1005.43	7.882
1005.59	7.716
1005.76	7.536
1005.93	7.071
1006.09	7.615
1006.26	7.143
1006.42	7.175
1006.59	8.018
1006.76	7.376
1006.92	7.247
1007.09	8.268
1007.25	8.016
1007.42	8.234
1007.59	7.616
1007.75	6.989
1007.92	8.434
1008.08	8.143
1008.25	6.743
1008.41	6.747
1008.58	8.089
1008.75	7.731
1008.91	7.718
1009.08	6.731
1009.24	7.623
1009.41	8.751
1009.57	7.603
1009.74	7.657
1009.91	8.438
1010.07	7.916
1010.24	7.502
1010.40	7.741
1010.57	7.831
1010.73	8.168
1010.90	8.736
1011.06	8.882
1011.23	9.435
1011.39	7.898
1011.56	8.833
1011.73	8.713
1011.89	8.847
1012.06	8.396
1012.22	8.326
1012.39	8.046
1012.55	9.590
1012.72	9.883
1012.88	8.558
1013.05	8.520
1013.21	8.941
1013.38	9.911
1013.54	9.283
1013.71	9.321
1013.87	9.366
1014.04	9.028
1014.20	8.815
1014.37	10.992
1014.53	10.533
1014.70	8.924
1014.86	10.654
1015.03	8.786
1015.19	10.378
1015.36	10.626
1015.52	7.768
1015.69	9.994
1015.85	8.109
1016.02	9.974
1016.18	9.947
1016.35	9.751
1016.51	10.303
1016.68	9.559
1016.84	9.346
1017.01	9.228
1017.17	9.592
1017.34	10.706
1017.50	9.759
1017.67	10.235
1017.83	12.163
1018.00	10.670
1018.16	10.446
1018.32	10.561
1018.49	11.599
1018.65	10.612
1018.82	11.347
1018.98	11.837
1019.15	9.874
1019.31	10.078
1019.48	10.778
1019.64	11.485
1019.81	12.250
1019.97	10.537
1020.13	10.651
1020.30	9.667
1020.46	11.252
1020.63	12.284
1020.79	10.687
1020.96	10.854
1021.12	10.706
1021.28	12.637
1021.45	11.915
1021.61	10.350
1021.78	11.880
1021.94	12.197
1022.10	11.385
1022.27	10.224
1022.43	12.541
1022.60	10.456
1022.76	11.706
1022.93	13.257
1023.09	12.752
1023.25	11.380
1023.42	12.464
1023.58	11.500
1023.75	12.544
1023.91	12.061
1024.07	14.762
1024.24	11.389
1024.40	12.502
1024.56	16.650
1024.73	12.291
1024.89	14.097
1025.06	13.897
1025.22	13.612
1025.38	13.450
1025.55	13.988
1025.71	12.600
1025.87	14.260
1026.04	14.044
1026.20	13.958
1026.37	15.624
1026.53	11.578
1026.69	14.278
1026.86	14.447
1027.02	15.071
1027.18	14.105
1027.35	12.648
1027.51	13.912
1027.67	13.385
1027.84	14.332
1028.00	13.368
1028.16	14.404
1028.33	13.256
1028.49	14.459
1028.65	13.937
1028.82	15.739
1028.98	16.015
1029.14	14.627
1029.31	13.112
1029.47	15.441
1029.63	15.633
1029.80	16.506
1029.96	15.105
1030.12	16.437
1030.29	14.500
1030.45	16.084
1030.61	15.824
1030.78	14.311
1030.94	14.257
1031.10	17.219
1031.27	15.467
1031.43	13.911
1031.59	15.488
1031.75	15.908
1031.92	17.989
1032.08	16.602
1032.24	17.733
1032.41	13.346
1032.57	16.811
1032.73	15.400
1032.90	16.052
1033.06	17.635
1033.22	15.231
1033.38	16.727
1033.55	17.296
1033.71	18.849
1033.87	14.164
1034.03	17.261
1034.20	16.413
1034.36	14.869
1034.52	16.006
1034.69	15.775
1034.85	18.118
1035.01	19.847
1035.17	15.363
1035.34	17.663
1035.50	17.746
1035.66	15.557
1035.82	18.099
1035.99	18.278
1036.15	17.756
1036.31	19.585
1036.47	21.295
1036.64	17.297
1036.80	16.877
1036.96	19.206
1037.12	18.193
1037.28	19.081
1037.45	16.687
1037.61	19.170
1037.77	19.882
1037.93	19.418
1038.10	17.010
1038.26	20.348
1038.42	21.260
1038.58	19.801
1038.74	20.793
1038.91	15.688
1039.07	21.659
1039.23	20.835
1039.39	18.940
1039.55	21.223
1039.72	20.943
1039.88	20.874
1040.04	23.538
1040.20	22.357
1040.36	20.388
1040.53	18.373
1040.69	21.851
1040.85	23.908
1041.01	22.979
1041.17	19.150
1041.34	19.766
1041.50	23.019
1041.66	24.145
1041.82	22.003
1041.98	20.750
1042.14	24.521
1042.31	25.950
1042.47	23.195
1042.63	20.270
1042.79	27.693
1042.95	22.341
1043.11	20.761
1043.28	24.455
1043.44	21.142
1043.60	23.870
1043.76	22.689
1043.92	22.467